262 261 455 456
263 262 460 461
264 263 444 445
265 264 455 457
268 267 455 456
269 268 485 486
272 271 387 389
275 274 505 506
276 275 342 343
280 277 506 509
278 277 510 512
279 278 340 342
279 278 343 344
280 279 513 514
281 280 339 342
282 280 346 349
281 280 504 505
283 282 340 342
284 283 346 347
288 286 336 338
287 286 339 340
287 286 344 346
294 290 526 532
296 295 348 349
300 299 323 327
304 299 338 343
302 301 324 328
305 302 312 318
306 303 281 282
305 303 286 287
304 303 288 289
304 303 294 298
304 303 326 329
307 305 306 310
307 305 318 320
309 306 312 316
310 309 289 290
314 310 309 315
312 311 258 259
313 311 302 305
314 312 285 286
315 312 287 290
314 313 258 261
317 314 270 271
316 315 255 256
325 323 290 291
325 324 292 293
349 341 584 590
358 351 591 596
360 357 290 293
364 362 588 589
369 365 599 600
371 367 390 394
373 368 603 606
373 371 602 603
377 374 601 605
376 375 606 608
386 379 608 611
385 384 286 288
387 386 287 288
388 386 532 533
392 387 444 448
392 390 613 614
397 393 486 490
401 398 366 369
399 398 610 611
400 399 615 616
401 400 609 610
409 403 609 612
405 403 614 616
407 406 614 615
412 407 394 399
412 409 343 344
410 409 448 450
412 411 446 449
412 411 612 613
416 414 279 281
417 415 336 339
420 416 342 345
417 416 426 427
418 417 526 531
419 418 415 416
433 418 429 437
419 418 497 499
476 418 429 554
421 419 197 201
420 419 270 277
429 419 327 345
420 419 335 336
421 419 420 421
421 419 422 423
443 419 415 430
423 419 440 443
420 419 530 531
472 420 221 366
421 420 263 269
421 420 348 349
421 420 353 354
421 420 498 499
422 421 199 200
425 421 266 279
428 421 351 358
422 421 444 445
422 421 496 497
425 421 530 537
429 421 550 561
423 422 492 493
425 423 300 305
427 423 415 418
426 423 482 484
430 423 489 506
424 423 538 539
425 424 347 348
425 424 356 358
427 424 372 375
425 424 486 487
430 424 538 546
425 424 546 547
426 425 303 306
426 425 451 452
428 426 234 237
427 426 238 239
427 426 271 272
427 426 274 277
427 426 356 357
428 426 358 360
427 426 503 504
427 426 507 509
433 426 549 555
429 427 462 465
429 428 271 272
430 428 335 336
429 428 406 410
429 428 470 472
429 428 548 549
430 429 303 306
430 429 354 355
430 429 356 357
430 429 399 402
435 429 410 413
431 429 413 414
430 429 457 458
431 430 310 311
431 430 360 361
431 430 464 465
441 430 559 570
431 430 621 622
437 431 230 234
432 431 317 318
432 431 320 321
436 431 345 353
432 431 358 359
439 431 393 402
434 432 361 364
435 432 442 444
434 433 359 360
435 433 553 557
438 434 219 223
435 434 225 227
437 434 545 549
436 435 391 392
445 435 411 418
436 435 556 560
437 436 228 229
437 436 386 387
451 436 389 400
439 436 402 403
446 436 404 412
440 437 224 229
440 437 430 433
440 437 540 545
440 438 207 210
439 438 340 341
443 438 385 388
442 438 559 564
450 439 207 216
443 439 218 221
440 439 355 356
441 439 357 359
446 439 372 377
443 440 221 225
443 441 366 368
459 442 418 431
444 443 218 219
445 443 559 562
456 443 563 574
454 444 401 408
446 445 423 425
447 446 625 626
448 447 202 203
448 447 216 217
450 447 390 391
450 447 418 421
449 447 542 549
448 447 561 562
451 447 575 581
451 448 361 363
449 448 422 423
459 449 199 205
457 449 244 260
453 449 378 379
452 449 559 561
451 449 623 624
454 450 214 218
451 450 372 373
456 450 380 381
451 450 398 399
451 450 432 433
451 450 570 571
452 451 231 232
452 451 262 265
452 451 275 276
452 451 350 351
452 451 382 383
452 451 386 390
452 451 410 411
453 452 258 260
453 452 354 355
453 452 536 539
456 452 580 584
453 452 614 615
456 452 624 625
454 453 229 230
454 453 249 250
456 453 272 275
459 453 279 284
454 453 385 386
454 453 394 395
454 453 401 403
456 453 405 406
457 453 529 535
455 454 227 228
455 454 243 247
455 454 277 278
477 454 379 397
455 454 387 388
457 454 392 393
455 454 536 539
458 455 363 364
458 455 365 366
456 455 412 413
457 455 520 522
457 456 276 278
457 456 357 358
457 456 374 375
457 456 517 519
462 457 405 408
459 457 410 411
459 457 412 413
460 457 624 625
459 458 276 277
460 458 298 299
461 458 403 404
459 458 420 421
460 458 585 586
461 459 360 362
464 459 395 400
460 459 576 577
463 459 617 618
463 460 202 203
461 460 350 351
461 460 356 357
464 460 358 359
463 460 391 394
461 460 491 492
484 461 397 408
472 461 422 428
463 461 426 427
467 462 351 357
465 462 373 374
463 462 402 403
463 462 416 417
464 463 195 196
464 463 281 282
466 463 362 366
466 463 377 379
465 463 390 391
465 463 477 479
464 463 563 565
465 463 569 573
464 463 578 579
466 464 213 214
471 464 416 420
468 464 585 590
466 465 208 209
466 465 295 296
470 465 360 364
468 466 304 305
471 466 309 311
470 467 208 209
469 467 483 484
468 467 495 497
470 468 313 314
469 468 316 317
469 468 339 340
471 468 365 366
473 468 501 507
471 469 367 368
470 469 392 395
470 469 493 497
472 469 587 590
471 470 317 318
472 471 193 194
473 471 341 342
472 471 352 353
487 471 369 372
473 471 389 391
474 471 391 397
474 471 495 499
474 472 289 293
479 472 439 444
478 473 336 338
478 473 359 360
475 473 453 455
476 473 460 463
475 473 467 468
474 473 500 501
475 474 276 277
475 474 295 296
475 474 374 375
476 474 414 416
478 474 474 476
476 474 477 478
475 474 498 499
478 475 290 293
476 475 393 394
476 475 460 461
476 475 500 501
478 476 193 194
477 476 333 335
477 476 357 358
480 476 377 382
477 476 388 389
477 476 436 438
477 476 472 473
478 477 454 455
478 477 491 492
481 478 343 345
481 478 432 434
484 478 442 445
480 479 341 342
480 479 447 448
480 479 492 493
482 479 507 510
483 480 351 352
484 480 391 396
486 480 434 438
481 480 440 441
481 480 461 462
481 480 463 464
481 480 494 495
485 481 374 375
486 481 381 384
483 481 580 581
483 482 439 440
485 482 444 449
485 483 368 369
493 483 383 390
486 485 442 445
487 486 277 278
489 486 390 392
490 486 439 441
489 486 501 505
487 486 506 507
488 487 437 438
489 488 353 354
490 488 356 357
489 488 498 500
490 489 488 489
491 490 354 355
491 490 381 382
491 490 501 503
493 491 192 193
492 491 281 282
497 491 368 373
493 492 383 386
495 492 390 394
493 492 491 492
496 493 271 275
504 493 280 290
494 493 495 497
494 493 502 503
497 494 198 200
499 494 488 495
497 495 378 379
496 495 466 467
497 495 468 471
500 496 271 280
497 496 500 504
499 497 190 191
499 497 192 193
499 497 387 389
499 498 183 184
499 498 455 457
499 498 498 499
499 498 504 505
502 499 291 293
500 499 390 391
502 500 195 196
501 500 267 268
502 500 320 321
501 500 322 323
501 500 394 395
504 500 464 465
501 500 491 493
502 501 275 277
504 501 487 489
502 501 495 503
502 501 506 511
504 502 266 269
503 502 278 279
503 502 290 291
507 502 292 297
505 502 300 304
503 502 385 386
503 502 394 395
503 502 491 493
505 503 276 277
506 503 383 384
512 503 497 502
506 504 385 386
505 504 485 486
508 504 546 549
510 505 281 288
506 505 298 299
507 505 487 489
507 505 492 497
507 505 506 509
509 506 501 503
507 506 504 505
509 508 286 289
509 508 291 292
509 508 294 295
510 508 492 495
510 509 268 277
513 509 505 511
512 510 480 482
512 511 271 273
516 511 280 287
512 511 305 306
512 511 510 511
514 511 623 624
513 512 274 276
513 512 454 455
513 512 457 458
518 512 465 471
515 512 493 496
516 513 301 308
514 513 450 453
514 513 497 499
519 513 496 506
515 514 264 266
517 514 268 279
515 514 297 299
515 514 310 311
515 514 507 508
522 515 336 337
516 515 458 459
517 516 269 272
517 516 309 310
518 516 507 510
525 517 280 288
525 517 439 441
518 517 447 448
521 517 623 624
523 518 273 278
519 518 303 304
519 518 309 311
520 518 333 334
519 518 454 455
522 518 479 483
521 518 500 508
557 519 217 328
522 519 314 317
525 519 447 451
523 519 452 453
520 519 469 470
523 519 491 496
522 519 509 513
521 520 318 319
561 520 447 572
521 520 466 468
522 521 477 478
523 522 287 289
523 522 291 292
523 522 507 508
524 523 281 282
524 523 334 335
524 523 473 475
525 524 313 314
527 524 442 443
528 525 275 276
526 525 288 289
527 526 278 280
528 526 334 335
527 526 446 447
527 526 450 451
528 527 224 225
529 527 235 242
528 527 331 332
529 528 218 220
529 528 251 254
531 528 522 525
534 529 440 444
531 529 542 544
531 530 218 219
531 530 443 444
531 530 529 531
532 531 210 213
534 531 445 446
533 532 318 319
536 533 435 437
550 533 456 464
537 535 317 319
536 535 612 613
538 537 174 175
550 537 300 307
541 537 307 309
538 537 325 327
538 537 385 389
540 538 322 324
539 538 556 557
541 540 173 174
543 540 309 310
548 540 439 441
541 540 450 451
541 540 464 465
542 541 462 463
544 541 468 474
543 542 298 300
549 542 312 315
544 542 466 467
544 543 314 315
544 543 442 443
545 543 454 455
545 543 567 569
550 544 554 556
549 545 225 228
546 545 386 389
551 545 469 471
547 546 190 191
547 546 215 216
548 546 460 461
547 546 557 558
548 547 296 297
549 547 316 317
548 547 386 388
548 547 473 474
552 548 306 308
549 548 309 310
550 548 311 312
549 548 486 488
550 549 472 473
551 550 297 298
553 551 224 225
552 551 226 227
552 551 277 278
552 551 301 302
554 551 487 490
552 551 554 555
553 551 556 557
553 552 243 244
555 552 266 270
555 552 305 308
555 553 303 304
555 553 552 553
555 554 234 236
555 554 264 265
555 554 354 355
555 554 491 492
559 554 558 560
597 554 625 632
556 555 170 171
556 555 298 299
556 555 300 301
559 555 309 312
556 555 519 520
557 556 188 189
559 556 245 247
557 556 266 268
558 556 303 304
557 556 305 306
559 556 515 520
557 556 522 523
559 556 554 555
558 557 259 260
558 557 287 288
558 557 471 472
559 557 528 529
559 558 248 249
559 558 270 271
559 558 476 477
559 558 524 525
560 559 302 303
561 559 471 473
560 559 521 522
561 560 515 518
562 561 274 277
565 562 479 481
563 562 520 521
566 565 522 525
568 565 526 529
568 567 271 272
568 567 521 525
568 567 629 630
570 568 591 592
573 572 629 630
582 578 274 281
582 579 282 285
582 581 286 287
584 583 284 285
587 586 624 625
600 595 373 377
596 595 618 619
599 598 458 459
603 600 625 626
605 602 539 540
606 603 283 287
605 603 537 538
616 605 623 628
608 607 262 265
609 608 290 293
611 610 291 293
612 610 312 313
611 610 534 535
613 612 528 529
615 614 287 289
621 615 450 455
616 615 468 470
617 616 262 263
619 618 250 251
619 618 262 264
621 619 296 299
623 619 310 312
620 619 449 450
623 621 305 306
623 621 452 456
626 622 308 309
623 622 449 450
624 623 514 515
626 624 166 167
626 624 459 461
627 626 311 312
627 626 484 485
628 627 299 300
631 628 165 166
633 628 301 303
644 628 303 311
632 628 460 463
634 630 456 458
632 631 299 300
638 633 463 465
634 633 480 481
637 636 301 302
641 637 296 297
641 637 455 458
641 638 283 287
639 638 484 485
640 639 252 253
647 639 460 463
646 641 303 305
645 642 295 299
646 644 260 262
647 646 493 494
648 647 490 491
666 648 321 356
649 648 456 457
652 648 466 467
649 648 474 477
654 649 459 461
651 650 261 262
651 650 591 592
652 651 414 415
667 651 393 439
653 652 506 507
654 652 512 513
657 653 455 457
655 654 328 329
656 655 330 333
660 655 454 460
657 655 616 617
657 656 504 505
658 657 329 334
659 657 452 454
660 658 615 616
660 659 436 437
662 659 459 462
664 659 523 530
665 661 319 329
663 661 417 419
663 661 509 512
666 663 438 445
665 664 446 448
667 665 476 480
667 666 435 437
670 666 440 445
670 667 436 439
670 669 477 479
671 670 392 394
672 671 384 387
673 672 443 444
673 672 446 447
675 674 436 437
676 675 438 439
679 677 436 438
679 678 455 456
681 678 608 610
683 681 595 596
688 683 575 579
688 684 612 615
694 689 609 612
694 690 349 354
692 690 416 417
692 691 347 348
695 693 423 425
697 693 607 608
696 695 308 310
698 695 406 408
703 695 609 611
698 696 314 315
698 696 582 583
699 698 311 312
701 699 439 440
700 699 608 609
787 701 577 609
703 702 412 413
710 703 429 434
706 704 455 456
711 710 385 388
713 712 385 387
715 712 435 436
721 716 492 499
719 718 389 390
720 718 601 603
736 719 364 382
722 721 377 378
739 721 380 396
722 721 401 407
724 722 296 299
724 722 395 397
724 723 360 361
724 723 495 496
727 726 261 262
728 726 263 264
727 726 396 398
736 727 363 373
728 727 400 401
729 727 503 504
730 728 357 358
730 728 359 360
731 728 391 392
729 728 403 405
730 729 190 191
732 729 398 403
730 729 406 408
731 730 404 405
731 730 413 414
755 733 282 384
734 733 360 361
735 734 398 399
736 735 281 283
737 735 361 362
737 736 359 360
740 736 389 391
741 736 400 401
738 737 280 282
738 737 356 357
738 737 413 414
741 738 308 311
741 738 408 409
739 738 482 486
742 739 360 361
741 740 308 309
743 740 353 357
741 740 383 384
748 740 464 481
741 740 483 484
742 741 386 387
744 742 283 286
743 742 290 292
743 742 366 367
743 742 401 402
743 742 482 483
744 743 302 304
745 744 329 331
750 744 454 464
746 745 484 486
755 746 389 409
747 746 479 480
749 747 399 404
750 747 421 429
751 748 442 450
751 748 478 479
749 748 483 484
750 749 392 393
752 749 434 445
751 750 343 344
751 750 412 414
751 750 484 485
751 750 598 599
753 751 422 428
757 751 468 470
752 751 474 475
754 753 385 387
754 753 460 461
754 753 462 463
756 753 471 473
755 754 426 428
756 755 333 334
756 755 383 385
759 755 462 464
757 756 300 301
758 757 460 461
758 757 471 472
763 758 332 333
759 758 334 335
761 758 456 457
760 758 466 467
760 759 584 585
761 760 310 311
764 760 471 473
761 760 586 587
791 763 353 397
768 765 331 332
770 765 372 373
770 766 358 359
767 766 586 587
771 767 399 401
769 768 350 351
769 768 590 591
772 769 392 394
773 770 347 349
785 770 392 405
775 774 340 341
777 774 345 346
777 774 347 348
782 774 386 392
776 774 410 412
777 775 319 320
777 775 577 578
778 776 337 338
782 780 359 360
785 781 392 396
784 782 357 359
785 783 422 425
786 785 354 355
789 786 357 358
788 786 390 391
789 787 352 353
789 787 363 368
789 788 427 428
790 789 377 378
790 789 391 392
792 791 381 384
792 791 576 577
827 793 547 571
798 793 574 576
795 794 485 486
795 794 487 488
804 799 465 471
803 801 569 570
807 802 250 254
806 804 567 568
815 806 567 571
817 815 240 242
816 815 343 344
818 816 460 462
819 816 463 464
822 816 493 498
825 816 560 569
822 819 244 245
820 819 391 392
821 820 372 375
821 820 384 385
826 820 397 405
823 822 364 366
823 822 407 408
824 822 415 418
823 822 557 558
829 823 384 394
828 823 534 540
827 824 363 368
827 825 556 558
828 826 358 360
835 827 248 258
830 827 389 392
832 828 407 413
831 828 550 552
831 828 559 561
830 829 398 399
832 829 412 415
833 829 542 545
839 830 248 255
832 830 393 394
832 831 391 392
833 832 404 406
836 832 541 542
835 833 339 342
839 833 547 552
848 833 556 560
838 835 371 373
838 836 258 260
839 837 248 249
839 838 554 556
920 839 252 271
840 839 370 374
844 840 549 550
946 842 545 565
844 843 536 537
846 844 250 251
846 844 538 539
848 844 553 557
846 845 535 536
848 846 256 257
848 846 404 407
848 847 251 254
855 848 391 400
851 848 511 515
854 850 552 554
854 853 248 249
858 853 525 530
854 853 559 560
855 854 254 256
856 855 394 396
856 855 559 560
859 857 392 393
859 858 394 395
861 860 522 523
869 862 513 521
863 862 523 524
864 862 552 554
865 863 263 264
868 866 518 520
869 866 558 559
871 870 511 512
873 872 508 510
875 874 287 288
875 874 506 507
883 882 494 496
885 884 477 479
888 886 555 557
889 887 455 456
888 887 469 472
889 888 466 468
896 890 452 464
893 892 573 574
897 894 440 451
918 894 569 573
899 895 549 550
899 896 426 437
898 897 445 448
899 898 441 443
903 899 416 425
901 899 432 439
902 900 426 431
903 902 253 254
905 902 255 256
903 902 555 556
905 903 381 388
904 903 406 408
904 903 414 417
910 904 546 548
910 906 267 270
912 907 573 574
932 911 268 287
913 912 341 343
914 913 554 555
917 915 264 265
921 919 262 263
922 920 256 257
937 921 257 265
952 921 508 554
923 922 549 550
925 924 279 280
934 930 288 294
937 930 566 570
934 931 296 298
939 933 299 305
947 935 308 317
939 937 570 572
944 938 265 269
939 938 318 320
945 938 325 333
960 939 566 570
949 940 314 324
942 940 330 332
944 943 266 267
954 943 334 358
945 944 534 535
1275 946 266 378
948 946 328 329
947 946 520 521
948 947 540 541
949 948 510 513
952 949 305 307
952 950 308 309
951 950 345 346
951 950 533 534
952 951 303 304
952 951 334 335
962 951 360 372
959 951 500 509
953 952 513 515
955 953 345 346
954 953 373 375
957 954 334 335
961 954 373 380
957 954 510 511
956 954 512 513
955 954 520 521
960 955 480 490
959 955 491 495
958 956 351 352
967 956 382 388
958 956 503 504
957 956 536 537
958 957 338 339
960 958 368 369
961 959 398 402
969 959 459 474
966 959 475 478
961 959 495 496
961 960 277 278
962 960 389 394
972 960 396 423
961 960 461 462
961 960 482 483
963 960 485 486
961 960 498 499
962 961 446 448
967 961 470 474
963 961 487 488
964 962 371 372
973 962 424 429
963 962 457 458
1026 963 262 283
965 963 295 296
964 963 367 368
964 963 373 375
964 963 443 448
966 964 292 293
965 964 376 377
968 964 378 382
966 964 392 395
965 964 411 413
966 964 422 424
966 964 429 430
966 964 449 453
965 964 478 479
968 965 486 487
967 966 454 455
969 967 315 317
969 967 388 389
970 967 393 395
969 967 403 404
972 967 415 421
972 967 440 443
972 967 456 458
971 967 459 461
974 967 500 504
968 967 543 544
970 967 552 553
972 968 341 343
969 968 390 391
969 968 436 437
969 968 444 445
973 968 453 454
970 969 303 304
972 969 348 349
973 969 430 431
970 969 451 452
971 970 345 346
975 970 419 421
974 970 433 435
976 970 445 447
971 970 512 513
972 970 543 544
973 971 319 320
975 971 422 424
1010 971 547 553
973 972 432 433
973 972 444 445
975 974 317 318
978 974 399 400
979 975 349 352
976 975 358 359
980 975 504 506
979 975 509 510
979 976 545 546
984 977 367 368
981 977 444 445
978 977 547 548
983 978 520 521
984 979 310 311
984 979 359 360
981 979 496 497
981 979 533 534
981 980 288 289
985 981 361 363
987 982 272 273
985 982 351 352
986 983 324 325
984 983 406 407
988 983 476 479
1005 983 494 497
987 985 267 268
990 985 316 317
989 985 468 469
987 985 542 543
988 985 544 546
988 986 274 275
990 986 503 504
990 986 547 548
988 987 325 326
989 987 359 360
996 987 519 520
990 988 538 539
991 989 472 473
990 989 540 541
992 990 274 276
1005 990 366 371
994 990 463 464
993 991 362 363
993 991 386 387
993 991 458 459
1008 992 338 344
996 992 444 445
993 992 453 454
997 993 332 333
997 993 375 376
1000 993 527 528
1000 994 389 390
996 994 456 457
996 994 524 525
999 995 309 310
999 995 334 335
997 995 387 388
996 995 446 447
1000 995 509 512
999 996 362 363
1014 996 485 489
1003 996 492 493
999 996 534 535
1006 997 385 386
1000 997 457 458
1002 998 399 400
1001 999 383 384
1001 999 396 397
1005 999 405 406
1001 999 438 439
1001 1000 414 415
1006 1000 423 424
1004 1001 285 287
1005 1001 519 521
1003 1002 271 272
1004 1002 407 408
1004 1002 522 523
1004 1003 337 338
1005 1003 535 536
1008 1004 360 361
1007 1005 287 288
1010 1005 322 323
1007 1005 366 367
1007 1006 276 277
1008 1006 336 337
1007 1006 342 343
1007 1006 389 390
1009 1007 375 376
1010 1007 457 458
1011 1008 428 429
1011 1008 438 439
1009 1008 543 544
1015 1009 289 293
1014 1009 378 380
1010 1009 434 435
1020 1009 476 479
1013 1009 558 559
1014 1010 540 549
1013 1011 407 408
1012 1011 472 473
1014 1013 447 448
1165 1013 498 549
1015 1014 287 288
1017 1014 358 360
1018 1014 368 369
1015 1014 503 504
1023 1015 327 330
1018 1015 374 375
1017 1015 437 438
1017 1015 472 475
1017 1016 307 308
1020 1016 311 312
1021 1016 447 448
1019 1018 286 287
1021 1018 287 289
1022 1018 354 355
1020 1018 417 418
1023 1018 429 430
1020 1018 438 439
1021 1018 443 444
1022 1018 524 525
1020 1019 290 291
1025 1019 295 298
1023 1019 427 428
1021 1019 441 442
1026 1019 513 515
1023 1020 284 286
1021 1020 318 319
1024 1021 373 374
1027 1021 478 480
1023 1021 511 512
1032 1022 506 509
1026 1023 362 363
1028 1023 504 505
1037 1024 283 288
1028 1024 343 344
1026 1024 444 445
1025 1024 494 495
1182 1024 495 559
1026 1025 310 311
1027 1025 376 377
1028 1025 383 384
1029 1026 372 373
1027 1026 378 379
1032 1026 490 491
1030 1027 317 319
1030 1027 427 428
1029 1027 429 430
1030 1027 492 493
1036 1027 498 501
1029 1027 540 542
1040 1027 559 566
1031 1028 326 327
1029 1028 374 375
1040 1029 362 365
1038 1029 470 473
1031 1029 497 498
1032 1030 366 367
1031 1030 520 521
1031 1030 522 523
1031 1030 535 537
1033 1031 448 449
1033 1032 302 303
1033 1032 335 336
1033 1032 387 388
1035 1032 531 535
1036 1033 339 341
1039 1033 389 391
1036 1033 455 456
1040 1033 478 482
1034 1033 483 484
1035 1034 303 304
1035 1034 400 401
1037 1035 287 288
1039 1035 373 374
1039 1035 409 410
1041 1036 318 320
1038 1036 411 412
1038 1036 426 427
1039 1037 365 366
1040 1037 492 493
1038 1037 556 557
1040 1037 559 561
1039 1038 414 415
1039 1038 519 520
1039 1038 526 527
1039 1038 550 551
1102 1039 283 307
1042 1039 328 329
1042 1039 342 343
1040 1039 540 541
1041 1040 330 331
1041 1040 460 461
1044 1040 465 466
1043 1040 467 468
1049 1040 478 480
1045 1040 527 529
1047 1041 356 358
1044 1041 378 379
1044 1041 426 427
1044 1041 428 429
1047 1041 476 478
1045 1041 536 538
1043 1042 376 377
1043 1042 430 431
1046 1042 434 435
1044 1042 463 464
1047 1042 534 536
1044 1042 539 540
1045 1043 411 413
1046 1043 432 433
1045 1043 474 475
1049 1044 294 295
1045 1044 414 415
1046 1044 472 473
1048 1045 365 367
1049 1046 511 512
1050 1046 526 527
1047 1046 560 563
1054 1047 324 326
1058 1047 553 556
1052 1047 558 559
1053 1048 296 300
1053 1048 451 454
1049 1048 524 525
1055 1050 373 375
1053 1050 376 377
1054 1051 326 327
1052 1051 371 372
1058 1052 306 307
1059 1052 444 446
1055 1053 351 352
1058 1053 442 443
1054 1053 474 475
1055 1053 556 557
1055 1054 536 537
1056 1054 552 553
1055 1054 561 562
1057 1055 311 313
1062 1055 457 458
1056 1055 492 493
1057 1055 558 560
1057 1056 304 305
1063 1056 427 431
1058 1056 503 504
1062 1056 525 526
1060 1056 561 562
1141 1058 314 338
1059 1058 424 425
1060 1058 459 460
1060 1058 498 499
1069 1059 351 353
1060 1059 375 376
1062 1059 399 400
1062 1059 408 409
1062 1059 410 411
1063 1061 430 431
1065 1061 554 555
1067 1061 556 559
1064 1061 562 563
1063 1062 508 509
1065 1063 313 314
1070 1063 452 453
1069 1064 349 350
1071 1066 393 395
1067 1066 456 458
1069 1066 516 517
1069 1066 547 551
1068 1067 556 557
1071 1069 440 441
1072 1070 498 499
1074 1072 556 559
1076 1074 311 312
1077 1074 332 333
1075 1074 522 523
1078 1077 335 336
1080 1078 364 365
1081 1078 366 367
1081 1079 335 337
1082 1079 458 460
1080 1079 493 494
1082 1079 550 551
1081 1080 456 457
1081 1080 461 462
1083 1080 552 553
1083 1081 474 476
1085 1082 542 543
1084 1083 400 401
1092 1085 552 555
1088 1086 384 385
1090 1087 366 368
1090 1087 522 523
1090 1088 524 525
1093 1090 395 396
1092 1091 393 394
1094 1092 478 479
1095 1094 353 354
1098 1095 384 387
1104 1096 425 427
1099 1097 391 392
1098 1097 477 478
1275 1098 308 357
1101 1099 476 477
1103 1100 366 367
1103 1100 435 436
1102 1100 437 438
1104 1101 419 422
1103 1101 423 424
1104 1102 432 434
1106 1104 340 341
1106 1104 401 402
1105 1104 403 404
1109 1106 407 410
1107 1106 483 484
1109 1106 551 552
1109 1107 388 389
1108 1107 417 418
1108 1107 419 420
1109 1108 390 391
1111 1109 489 490
1111 1110 406 407
1111 1110 408 409
1119 1112 406 412
1121 1113 387 390
1117 1113 431 432
1115 1113 554 555
1119 1114 501 502
1119 1115 503 504
1118 1116 328 329
1119 1116 344 345
1118 1116 499 500
1119 1117 350 352
1120 1118 380 381
1121 1118 382 383
1123 1119 490 491
1121 1120 356 357
1127 1120 362 364
1124 1120 494 495
1125 1121 399 400
1125 1121 406 407
1124 1121 496 498
1124 1121 549 550
1126 1122 401 402
1127 1123 393 394
1128 1123 418 419
1128 1123 501 503
1128 1124 391 392
1133 1124 420 421
1125 1124 443 444
1125 1124 445 446
1129 1125 424 425
1126 1125 431 432
1127 1125 433 434
1128 1126 535 537
1127 1126 549 550
1130 1127 469 470
1128 1127 527 528
1131 1128 357 358
1129 1128 465 466
1130 1128 488 489
1135 1129 418 419
1131 1129 486 487
1131 1130 355 356
1133 1130 462 463
1133 1130 494 495
1133 1131 496 497
1135 1132 353 354
1135 1134 355 356
1138 1135 399 400
1138 1136 445 446
1140 1138 318 319
1139 1138 351 352
1142 1139 330 331
1142 1139 438 439
1141 1140 316 317
1142 1140 332 333
1144 1140 361 364
1144 1140 419 420
1143 1140 421 422
1142 1140 432 433
1143 1141 367 368
1145 1141 386 387
1145 1141 388 389
1275 1142 338 368
1146 1142 447 451
1145 1143 452 453
1146 1143 466 467
1145 1143 468 469
1151 1146 419 420
1148 1147 326 327
1151 1148 417 418
1152 1148 528 531
1152 1149 369 370
1153 1149 432 433
1152 1150 360 362
1152 1150 367 368
1158 1151 386 387
1154 1151 430 431
1152 1151 540 543
1159 1155 424 426
1159 1155 535 536
1162 1155 537 540
1160 1156 367 368
1157 1156 369 370
1157 1156 381 382
1161 1156 431 432
1158 1156 532 533
1159 1157 429 430
1159 1157 433 434
1159 1157 461 462
1160 1158 380 381
1166 1159 373 378
1167 1162 541 543
1165 1162 546 547
1166 1164 382 383
1273 1164 436 497
1166 1165 421 422
1171 1166 400 401
1168 1166 423 424
1169 1167 402 403
1175 1168 367 368
1169 1168 380 381
1171 1168 398 399
1173 1170 525 526
1173 1171 431 432
1175 1171 450 454
1173 1171 511 512
1172 1171 523 524
1174 1172 429 430
1175 1173 479 480
1175 1174 342 343
1175 1174 443 444
1180 1176 369 370
1181 1176 399 400
1179 1177 367 368
1179 1177 397 398
1180 1177 441 442
1180 1178 381 382
1180 1178 383 384
1180 1178 540 541
1183 1179 405 407
1185 1180 341 342
1186 1180 385 387
1184 1180 390 392
1182 1180 415 416
1186 1181 388 389
1272 1182 447 498
1185 1183 339 340
1193 1183 382 385
1184 1183 507 508
1186 1185 457 458
1187 1185 534 535
1189 1186 473 476
1188 1187 477 478
1191 1188 378 381
1189 1188 481 482
1192 1189 407 409
1191 1189 435 436
1193 1190 437 438
1204 1190 531 534
1193 1192 380 381
1193 1192 435 436
1195 1193 450 451
1195 1193 475 476
1198 1194 366 367
1197 1194 440 444
1197 1195 396 397
1202 1195 413 415
1199 1196 368 369
1202 1196 411 412
1197 1196 455 456
1200 1197 347 349
1200 1197 492 495
1203 1198 393 394
1201 1199 439 440
1200 1199 466 468
1201 1200 329 331
1205 1200 436 437
1205 1200 472 473
1202 1200 530 531
1204 1202 368 369
1203 1202 434 435
1205 1202 490 491
1205 1204 506 507
1207 1206 411 412
1207 1206 413 414
1221 1207 381 383
1212 1207 529 531
1209 1208 365 366
1210 1208 389 390
1212 1208 465 468
1211 1209 394 395
1211 1209 418 419
1214 1210 379 380
1213 1210 396 397
1214 1210 408 409
1212 1210 416 417
1211 1210 420 421
1214 1210 456 458
1213 1210 486 487
1214 1211 442 445
1212 1211 484 485
1215 1211 518 520
1216 1212 383 386
1215 1212 426 427
1215 1212 428 429
1218 1213 340 342
1215 1213 387 388
1214 1213 389 390
1215 1213 505 506
1215 1213 517 518
1231 1213 523 536
1216 1214 509 510
1215 1214 521 522
1216 1215 482 483
1219 1216 393 395
1217 1216 396 397
1223 1216 400 401
1218 1216 402 403
1217 1216 496 497
1220 1218 379 380
1221 1218 398 399
1220 1219 489 490
1220 1219 495 496
1223 1220 353 355
1225 1222 408 409
1224 1223 380 381
1233 1223 399 403
1227 1223 413 415
1225 1223 416 417
1225 1224 336 337
1225 1224 410 411
1226 1224 431 432
1236 1225 380 388
1227 1225 445 446
1226 1225 447 448
1228 1226 386 387
1233 1226 389 390
1229 1226 432 434
1228 1226 486 487
1231 1226 516 521
1239 1227 391 397
1230 1227 423 424
1231 1227 443 444
1229 1227 482 484
1229 1227 506 507
1233 1227 511 512
1235 1228 487 489
1232 1230 414 415
1231 1230 483 484
1233 1230 509 510
1238 1231 504 508
1232 1231 513 515
1242 1232 521 526
1235 1232 527 530
1233 1232 534 535
1243 1233 406 410
1235 1234 388 389
1239 1234 401 405
1238 1236 487 488
1239 1237 497 499
1242 1237 528 529
1240 1238 349 350
1239 1238 500 501
1241 1239 383 384
1249 1240 388 390
1241 1240 393 394
1247 1240 481 485
1251 1241 394 399
1243 1241 401 402
1244 1241 403 404
1242 1241 468 469
1248 1243 471 474
1245 1244 508 509
1247 1244 519 521
1249 1245 351 352
1246 1245 481 482
1248 1245 506 507
1248 1245 522 523
1250 1246 405 408
1247 1246 410 411
1249 1246 414 417
1247 1246 432 433
1248 1246 476 478
1248 1246 508 509
1247 1246 516 517
1248 1246 524 525
1252 1246 527 529
1249 1247 437 438
1249 1247 439 440
1251 1248 385 386
1251 1248 433 435
1253 1249 420 421
1254 1249 477 478
1255 1249 488 493
1252 1249 525 526
1251 1250 422 423
1253 1250 439 440
1252 1250 448 449
1253 1251 418 419
1256 1251 498 504
1255 1251 503 509
1264 1252 395 403
1255 1253 340 341
1254 1253 374 375
1255 1254 377 379
1256 1254 423 424
1256 1254 460 461
1258 1255 513 520
1257 1256 377 380
1266 1257 413 417
1259 1257 511 514
1260 1258 393 394
1260 1258 403 404
1261 1258 439 441
1260 1259 387 388
1266 1259 408 412
1261 1259 425 426
1263 1259 481 485
1260 1259 527 528
1261 1260 418 419
1262 1260 470 471
1261 1260 498 499
1264 1261 496 497
1262 1261 530 531
1263 1262 506 507
1270 1264 387 388
1271 1264 389 390
1266 1264 399 400
1265 1264 454 455
1265 1264 526 527
1267 1265 401 403
1267 1265 514 515
1274 1265 514 520
1269 1266 360 361
1270 1266 362 364
1270 1266 484 485
1268 1266 486 487
1270 1266 522 526
1268 1267 494 495
1271 1268 356 357
1273 1268 380 382
1269 1268 527 528
1270 1269 489 490
1271 1270 358 359
1271 1270 427 428
1271 1270 470 471
1275 1271 422 424
1275 1271 479 482
1278 1272 393 398
1274 1272 434 436
1274 1272 523 524
1275 1273 391 393
1278 1273 402 408
1274 1273 432 433
1275 1273 503 504
1276 1274 386 387
1275 1274 505 506
1276 1274 508 509
1278 1275 399 401
1276 1275 409 410
1280 1275 471 473
1280 1276 478 481
1278 1277 476 477
1280 1277 507 508
