341 340 861 863
342 341 856 857
344 343 848 850
348 345 812 815
346 345 864 865
389 375 533 596
392 389 514 529
391 389 531 534
392 391 509 511
392 391 512 513
395 393 500 509
394 393 512 513
397 395 496 498
398 396 487 489
401 399 466 471
400 399 474 476
402 401 449 450
402 401 453 454
402 401 462 463
407 406 430 431
408 407 415 417
422 407 444 483
409 408 402 404
411 408 442 444
468 409 401 439
411 409 439 441
411 410 389 390
411 410 453 455
414 413 352 357
415 414 350 351
478 414 349 367
416 415 343 348
417 416 320 323
418 416 329 332
417 416 335 339
437 416 378 382
419 418 315 316
419 418 319 328
420 419 304 305
420 419 307 310
423 422 240 241
423 422 244 249
423 422 255 264
424 423 233 236
438 423 484 522
426 424 214 216
426 425 207 210
430 429 90 93
430 429 102 103
431 430 65 70
431 430 80 81
432 431 53 60
432 431 94 95
435 432 0 29
434 432 34 41
434 432 43 45
433 432 48 50
433 432 62 63
443 438 377 378
450 447 375 376
456 453 373 374
461 457 372 373
465 462 370 372
486 466 389 400
471 467 369 370
479 475 365 367
481 480 349 350
502 501 263 265
504 502 250 260
505 504 237 241
506 505 226 235
507 506 215 221
508 507 160 161
510 507 194 212
513 508 377 379
515 509 136 190
511 510 191 193
512 511 130 133
527 513 371 376
515 514 110 111
516 515 104 105
518 517 87 94
523 520 50 75
522 521 76 80
523 522 42 45
524 523 33 34
524 523 37 38
525 524 30 32
532 526 0 29
527 526 118 119
528 527 114 115
528 527 279 281
528 527 330 331
529 528 264 265
531 528 370 371
533 530 28 30
537 536 310 316
538 537 0 4
538 537 306 308
539 538 304 305
541 539 290 299
559 540 1 41
542 540 367 368
542 541 283 288
543 542 278 281
544 543 89 93
544 543 264 266
549 543 365 367
546 545 215 216
547 546 190 191
547 546 194 195
548 547 167 174
551 550 144 145
552 551 129 130
557 552 43 61
553 552 120 123
555 554 112 113
556 555 104 108
561 556 5 17
557 556 99 100
559 557 90 97
563 560 73 84
571 563 0 18
564 563 70 72
568 564 55 68
676 568 50 67
577 570 356 358
576 575 37 39
577 576 26 27
578 577 23 25
578 577 40 41
580 579 17 20
580 579 41 42
582 581 11 13
583 582 43 44
584 583 6 9
586 583 354 355
585 584 3 4
586 585 0 1
650 586 45 52
591 590 351 352
599 593 350 352
632 630 327 328
647 644 318 319
670 654 37 45
694 677 38 50
680 678 31 32
680 679 54 55
684 683 52 53
689 685 47 50
689 687 23 24
696 695 37 38
706 697 27 36
704 703 7 8
706 704 295 296
723 707 7 26
712 711 573 574
714 712 559 560
713 712 575 576
713 712 584 585
714 713 557 558
716 714 551 552
717 714 563 564
716 714 615 617
716 715 541 542
719 718 537 538
719 718 557 558
720 719 657 658
721 720 668 671
726 724 524 527
726 725 0 2
726 725 522 523
727 726 5 6
732 730 289 290
733 730 511 520
731 730 519 520
733 732 509 510
733 732 524 526
739 736 504 505
738 737 595 599
739 738 571 572
741 740 563 565
744 743 493 494
744 743 560 561
747 745 480 483
746 745 484 487
751 747 474 479
748 747 485 487
749 748 481 483
751 750 484 486
752 751 482 483
752 751 487 489
755 751 543 547
752 751 1073 1074
753 752 474 475
756 755 538 541
756 755 544 545
763 759 479 484
771 768 469 470
771 770 1027 1028
778 776 463 464
781 777 468 470
778 777 1036 1037
779 778 297 298
779 778 1038 1039
782 781 1041 1042
790 786 460 462
787 786 1049 1050
791 789 303 306
792 791 456 457
792 791 464 465
824 793 174 309
796 793 460 462
797 796 1062 1063
799 797 463 464
800 799 478 479
800 799 1064 1065
808 801 455 458
805 802 1066 1070
804 803 463 464
809 806 450 452
839 806 444 469
808 807 737 739
811 808 1073 1077
812 811 457 458
812 811 1079 1080
813 812 471 472
817 813 448 450
814 813 456 457
818 815 454 455
818 817 457 459
821 818 447 448
826 820 448 451
824 823 490 493
830 829 147 148
831 830 136 140
832 831 134 135
834 831 440 442
833 831 443 444
833 832 124 128
835 832 445 446
834 833 453 454
835 834 450 451
837 836 95 97
856 836 430 440
839 838 80 82
847 838 453 457
840 839 77 79
840 839 458 459
843 842 570 571
845 843 458 464
845 844 548 550
849 844 556 560
845 844 687 688
847 846 447 448
847 846 462 463
852 846 570 577
848 847 40 45
849 847 449 450
848 847 510 513
849 847 535 537
848 847 547 549
850 847 539 556
848 847 565 566
849 848 451 452
849 848 515 518
852 848 520 534
849 848 561 564
851 849 430 432
851 849 455 457
852 849 510 514
851 850 443 444
855 850 446 448
851 850 488 491
853 850 532 534
851 850 575 576
853 851 528 531
853 852 489 497
853 852 518 519
854 853 484 486
855 853 509 513
854 853 526 527
856 854 453 455
858 854 570 574
855 854 647 648
856 855 480 482
861 855 663 665
856 855 670 671
858 857 472 478
864 858 429 432
859 858 574 575
860 859 784 785
862 861 731 732
863 862 743 745
864 863 434 437
866 863 481 490
864 863 714 715
864 863 718 721
864 863 738 740
864 863 748 749
864 863 770 772
865 864 431 432
866 865 429 430
868 865 463 465
869 865 479 496
872 865 575 580
868 867 712 713
870 868 471 472
869 868 569 571
871 868 572 574
874 871 424 428
872 871 467 469
873 872 458 459
873 872 558 560
874 873 427 429
875 874 537 541
875 874 547 549
879 875 422 430
876 875 431 432
876 875 554 555
876 875 718 719
879 876 547 551
879 877 553 557
878 877 558 559
878 877 575 576
895 879 418 429
880 879 537 538
883 880 418 421
881 880 553 555
884 880 568 573
881 880 795 796
881 880 1034 1035
883 881 540 544
883 881 557 558
883 882 566 567
886 882 571 577
885 883 511 514
884 883 518 519
884 883 559 561
885 884 562 564
885 884 693 695
885 884 1031 1032
886 885 540 543
887 886 555 556
893 892 622 623
895 894 622 623
896 895 720 722
897 896 443 444
897 896 802 803
899 897 448 449
898 897 524 525
901 897 592 596
899 898 574 575
905 901 791 792
903 902 439 440
903 902 576 577
904 903 627 638
904 903 640 641
904 903 660 661
905 903 805 806
905 904 609 616
905 904 621 626
905 904 644 647
912 907 535 540
909 908 1009 1010
910 909 414 416
912 910 671 673
918 911 412 415
913 912 542 543
913 912 689 690
914 913 534 535
920 913 654 656
916 914 575 576
915 914 650 651
922 915 558 562
919 915 567 570
917 915 571 572
916 915 810 811
917 916 698 704
919 917 563 565
918 917 720 724
920 918 577 578
919 918 651 652
919 918 696 697
919 918 702 703
921 919 518 520
920 919 574 575
920 919 679 681
921 920 684 685
922 921 574 575
925 921 813 815
927 922 518 534
932 922 558 568
923 922 572 573
923 922 696 697
924 923 544 545
925 924 513 515
925 924 568 570
926 924 574 578
927 924 996 999
928 925 510 519
927 925 671 672
931 926 413 414
927 926 551 552
928 926 569 573
928 927 542 543
931 927 687 690
929 927 689 692
930 927 815 816
930 928 553 556
929 928 699 700
930 929 677 678
930 929 785 789
930 929 791 800
930 929 804 805
939 930 684 691
931 930 695 699
935 930 735 779
931 930 782 783
945 931 407 412
932 931 539 540
932 931 553 554
950 931 691 762
932 931 732 733
935 932 554 557
934 933 544 551
934 933 552 553
934 933 558 559
935 933 562 567
939 934 817 821
935 934 989 990
955 935 448 564
936 935 608 609
936 935 778 781
936 935 1062 1064
938 937 565 566
939 937 676 677
939 938 474 475
940 938 984 985
940 939 760 761
943 940 428 439
942 940 822 823
941 940 1030 1031
945 943 553 554
944 943 562 563
944 943 680 682
948 945 433 442
946 945 446 447
946 945 550 552
985 946 398 408
948 946 685 689
950 946 977 979
951 947 544 552
949 948 431 432
949 948 497 498
950 949 425 428
950 949 826 827
951 950 490 491
951 950 690 691
952 950 711 715
952 951 440 441
952 951 494 495
952 951 497 498
953 951 510 512
952 951 548 550
952 951 699 701
952 951 736 737
955 952 468 487
956 952 828 831
955 953 598 600
955 954 484 485
956 955 463 467
956 955 477 481
956 955 493 495
956 955 708 709
957 955 727 732
958 957 470 472
958 957 518 520
962 957 831 833
959 957 971 972
959 958 464 466
959 958 507 509
959 958 514 515
960 959 555 556
961 960 496 497
963 960 526 528
963 962 487 490
964 962 504 515
964 963 726 727
969 963 833 836
965 963 967 968
965 964 526 528
966 965 401 402
966 965 726 727
977 966 407 410
968 966 526 531
967 966 733 734
969 968 1031 1032
1050 970 836 843
972 971 398 399
974 973 398 399
975 973 986 994
976 974 983 984
976 974 996 1001
975 974 1006 1009
976 975 652 654
976 975 1002 1004
979 977 976 983
984 979 405 407
981 979 966 975
983 980 955 957
984 982 401 402
987 986 400 401
992 986 402 405
988 987 954 955
989 988 952 953
991 989 461 464
992 990 951 952
999 994 398 399
1000 999 788 789
1016 1000 395 399
1002 1000 399 400
1007 1003 384 388
1030 1011 399 401
1023 1020 394 395
1024 1020 938 939
1022 1021 699 700
1027 1025 701 703
1027 1026 391 392
1031 1026 394 396
1030 1028 381 383
1030 1029 386 387
1031 1029 388 389
1031 1030 398 399
1036 1031 390 392
1036 1033 393 394
1038 1033 398 399
1035 1033 705 706
1035 1034 395 396
1042 1035 384 387
1057 1035 647 680
1037 1036 935 936
1058 1037 586 628
1039 1038 380 381
1042 1038 401 403
1042 1039 390 392
1047 1039 681 687
1040 1039 948 949
1040 1039 952 953
1042 1040 708 709
1042 1041 539 540
1045 1041 676 677
1045 1042 754 758
1047 1043 385 388
1044 1043 391 392
1053 1043 396 399
1045 1043 540 541
1046 1043 608 611
1044 1043 670 671
1045 1044 410 411
1045 1044 604 605
1047 1044 667 668
1048 1046 603 604
1047 1046 607 608
1047 1046 612 613
1047 1046 618 619
1050 1047 600 601
1051 1048 378 380
1062 1048 384 389
1052 1048 387 389
1050 1048 390 391
1049 1048 620 621
1049 1048 679 680
1051 1048 687 688
1059 1049 393 398
1050 1049 614 615
1053 1051 406 407
1059 1052 399 402
1053 1052 614 615
1057 1052 659 678
1055 1053 584 585
1054 1053 679 680
1055 1054 407 408
1170 1055 341 386
1057 1055 390 392
1056 1055 651 653
1061 1057 407 408
1061 1058 396 398
1082 1059 390 401
1066 1060 402 404
1063 1062 389 390
1064 1062 398 400
1075 1062 845 847
1067 1065 388 389
1073 1070 405 406
1072 1071 627 628
1072 1071 724 726
1073 1072 635 636
1078 1074 387 388
1077 1076 394 395
1082 1077 325 331
1079 1077 847 848
1081 1079 334 337
1081 1079 389 390
1085 1079 391 395
1082 1080 639 640
1091 1080 849 851
1082 1081 342 343
1091 1081 400 404
1083 1082 338 339
1086 1084 325 326
1088 1085 387 391
1087 1086 679 680
1100 1087 320 326
1090 1088 404 405
1089 1088 639 640
1090 1089 391 392
1091 1090 360 362
1092 1090 382 383
1247 1092 832 850
1097 1094 389 390
1096 1094 642 643
1097 1095 380 382
1097 1095 387 388
1097 1096 336 337
1099 1096 383 385
1097 1096 399 401
1099 1098 341 342
1099 1098 642 643
1101 1098 679 680
1111 1099 317 352
1100 1099 404 405
1104 1102 389 391
1107 1103 409 413
1108 1105 658 659
1111 1108 358 359
1111 1108 660 661
1110 1108 755 756
1111 1109 658 659
1115 1111 611 612
1115 1111 617 618
1112 1111 626 627
1112 1111 656 657
1112 1111 762 763
1114 1112 619 620
1113 1112 632 633
1126 1112 659 662
1113 1112 757 758
1114 1112 807 808
1119 1115 631 632
1116 1115 672 673
1120 1115 681 683
1119 1115 758 760
1117 1116 662 663
1118 1117 278 280
1119 1117 610 612
1120 1117 684 685
1119 1118 510 511
1122 1119 650 652
1120 1119 778 779
1121 1120 287 288
1121 1120 616 617
1122 1120 674 675
1121 1120 760 761
1124 1121 270 273
1123 1121 279 280
1123 1121 663 664
1124 1122 414 415
1125 1123 598 600
1124 1123 607 608
1127 1125 406 407
1128 1126 269 271
1127 1126 511 512
1127 1126 577 578
1128 1126 579 581
1127 1126 584 585
1128 1126 592 594
1127 1126 756 757
1129 1127 416 417
1129 1128 407 408
1129 1128 681 682
1146 1128 753 755
1130 1129 517 518
1130 1129 527 528
1133 1131 286 287
1132 1131 512 513
1133 1132 284 285
1139 1132 620 628
1136 1132 766 768
1134 1133 331 332
1134 1133 664 672
1135 1134 640 641
1136 1135 238 239
1138 1135 414 415
1141 1135 600 610
1141 1135 665 679
1136 1135 679 685
1142 1136 517 520
1139 1136 602 603
1137 1136 639 640
1140 1136 641 644
1138 1137 294 295
1138 1137 335 337
1141 1137 613 618
1138 1137 687 690
1196 1138 206 342
1139 1138 409 410
1140 1138 635 639
1140 1138 646 652
1140 1138 766 767
1142 1139 415 416
1147 1139 582 592
1140 1139 631 633
1140 1139 657 660
1140 1139 661 664
1146 1139 677 696
1142 1140 288 289
1141 1140 299 300
1142 1141 226 227
1145 1141 823 824
1143 1142 598 599
1144 1142 666 668
1144 1143 222 225
1144 1143 232 235
1146 1143 458 461
1144 1143 514 515
1144 1143 637 641
1145 1144 417 418
1146 1144 602 604
1146 1145 681 684
1146 1145 736 740
1147 1146 217 219
1147 1146 702 703
1149 1147 672 673
1148 1147 720 723
1149 1148 503 504
1153 1148 518 519
1150 1148 703 704
1151 1150 417 418
1151 1150 730 731
1151 1150 735 737
1167 1150 748 752
1152 1151 235 238
1153 1151 322 325
1152 1151 348 349
1156 1151 673 674
1157 1151 727 737
1155 1152 520 521
1153 1152 540 542
1156 1152 703 708
1153 1152 749 750
1157 1154 772 773
1162 1155 324 328
1156 1155 387 388
1156 1155 425 426
1157 1155 539 541
1156 1155 562 563
1157 1156 224 225
1158 1156 518 519
1157 1156 545 547
1160 1156 723 727
1157 1156 730 732
1158 1157 208 209
1158 1157 531 535
1159 1157 539 543
1163 1157 702 704
1158 1157 720 721
1160 1158 219 221
1159 1158 344 345
1159 1158 414 415
1159 1158 520 521
1160 1158 527 535
1159 1158 733 735
1161 1158 773 774
1164 1159 716 719
1162 1160 567 568
1163 1160 582 583
1161 1160 672 674
1163 1160 746 748
1162 1161 264 266
1165 1162 714 715
1165 1163 519 520
1164 1163 772 773
1165 1164 194 195
1165 1164 264 272
1166 1164 580 581
1171 1164 703 705
1166 1165 235 237
1169 1165 771 772
1167 1166 210 211
1167 1166 231 232
1168 1166 280 287
1177 1166 346 350
1167 1166 733 735
1171 1167 288 322
1168 1167 723 724
1170 1168 207 208
1171 1168 410 411
1169 1168 455 456
1170 1169 326 327
1202 1169 322 336
1174 1170 748 749
1172 1171 332 333
1176 1173 333 335
1175 1174 704 705
1175 1174 768 769
1176 1175 733 735
1177 1175 920 927
1178 1177 916 919
1179 1178 200 201
1183 1178 351 352
1179 1178 438 439
1181 1180 936 937
1182 1181 911 913
1182 1181 938 939
1184 1183 387 388
1185 1183 908 910
1189 1185 388 390
1189 1185 902 907
1187 1186 336 337
1188 1186 922 923
1296 1187 841 928
1199 1189 889 902
1190 1189 919 922
1191 1190 338 339
1196 1190 354 356
1199 1190 389 392
1192 1191 232 233
1207 1191 909 918
1193 1192 336 337
1196 1194 199 201
1199 1196 203 206
1201 1197 308 324
1208 1197 355 362
1201 1198 209 211
1205 1200 887 890
1203 1201 207 210
1203 1201 212 215
1205 1203 752 753
1205 1204 215 218
1217 1205 393 399
1209 1206 214 217
1207 1206 218 221
1207 1206 390 391
1207 1206 886 887
1207 1206 905 907
1208 1207 380 381
1208 1207 383 385
1209 1208 220 224
1209 1208 338 348
1209 1208 373 378
1209 1208 884 885
1211 1210 223 226
1212 1211 882 883
1213 1212 222 223
1213 1212 225 228
1216 1215 1014 1015
1221 1218 399 400
1221 1220 894 895
1225 1222 390 391
1223 1222 710 711
1223 1222 1027 1030
1225 1223 192 194
1227 1223 816 817
1224 1223 1031 1032
1225 1224 236 238
1225 1224 711 712
1227 1226 239 240
1230 1226 712 713
1227 1226 871 872
1228 1227 743 744
1233 1232 768 769
1236 1234 767 768
1236 1235 411 412
1237 1236 255 256
1237 1236 814 815
1239 1238 253 254
1243 1239 64 65
1242 1241 907 908
1246 1245 910 911
1248 1246 66 67
1249 1247 798 799
1252 1248 831 832
1259 1249 611 620
1252 1251 422 423
1253 1251 768 769
1256 1253 615 619
1256 1254 68 69
1257 1256 621 622
1265 1262 57 63
1264 1263 289 291
1264 1263 436 437
1269 1267 291 293
1271 1268 294 296
1273 1269 71 73
1271 1270 298 299
1272 1271 916 917
1273 1272 384 387
1274 1272 389 402
1273 1272 428 429
1276 1274 404 411
1276 1275 389 395
1315 1275 436 520
1276 1275 911 912
1278 1276 399 408
1279 1278 884 885
1280 1279 412 413
1280 1279 423 424
1280 1279 906 907
1294 1288 78 79
1289 1288 440 441
1290 1288 807 808
1291 1290 482 483
1291 1290 892 894
1293 1292 889 890
1295 1294 887 888
1297 1295 365 367
1296 1295 487 489
1296 1295 884 886
1297 1296 79 80
1298 1296 350 351
1297 1296 362 363
1298 1297 838 839
1300 1298 834 837
1301 1300 875 876
1303 1301 872 874
1303 1302 320 321
1304 1302 460 465
1304 1303 471 472
1304 1303 869 871
1305 1304 321 322
1305 1304 466 467
1305 1304 565 567
1306 1305 468 469
1308 1307 471 473
1311 1310 476 478
1311 1310 582 583
1312 1311 315 316
1312 1311 586 588
1312 1311 779 781
1312 1311 809 810
1312 1311 847 848
1313 1312 480 481
1313 1312 840 841
1314 1313 838 839
1315 1314 483 484
1315 1314 846 847
1318 1315 521 526
1341 1315 700 823
1316 1315 817 818
1317 1316 486 488
1317 1316 824 826
1319 1318 490 491
1319 1318 624 625
1320 1318 803 811
1320 1319 493 494
1320 1319 530 531
1321 1319 788 791
1321 1320 533 535
1321 1320 782 785
1321 1320 797 802
1326 1321 504 514
1322 1321 777 781
1325 1324 777 781
1326 1325 504 506
1327 1326 440 441
1329 1327 507 509
1328 1327 517 519
1328 1327 548 554
1328 1327 789 790
1328 1327 792 793
1329 1328 538 541
1336 1328 555 590
1334 1328 750 771
1330 1329 775 776
1334 1332 558 561
1333 1332 871 872
1338 1333 731 750
1336 1334 129 131
1335 1334 525 528
1335 1334 538 541
1335 1334 567 570
1335 1334 867 868
1335 1334 886 887
1336 1335 529 531
1337 1335 918 921
1337 1336 535 538
1337 1336 547 549
1340 1336 591 653
1337 1336 862 863
1337 1336 900 901
1337 1336 931 932
1345 1337 637 702
1342 1337 778 779
1339 1337 832 833
1339 1338 545 547
1339 1338 556 559
1343 1338 726 729
1339 1338 840 841
1340 1338 886 888
1339 1338 912 913
1340 1339 565 567
1340 1339 655 657
1341 1339 857 858
1341 1340 552 556
1343 1340 704 720
1341 1340 836 837
1342 1340 839 840
1343 1341 855 857
1343 1342 589 591
1343 1342 594 602
1343 1342 607 608
1345 1342 612 635
1343 1342 700 702
1344 1342 814 816
1344 1342 886 887
1344 1343 570 577
1344 1343 603 606
1344 1343 609 610
1345 1343 693 699
1345 1343 801 802
1344 1343 803 804
1345 1344 578 585
1345 1344 684 692
1346 1344 789 791
1348 1345 630 679
1346 1345 681 683
1347 1345 816 817
1350 1348 801 802
1350 1348 822 823
1351 1350 782 783
1351 1350 807 808
1351 1350 813 814
1354 1351 824 826
1356 1351 838 841
1352 1351 847 848
1353 1352 117 118
1354 1352 803 804
1354 1352 805 806
1354 1352 822 823
1355 1352 834 836
1353 1352 865 866
1356 1352 889 891
1355 1352 893 895
1353 1352 896 897
1353 1352 906 907
1353 1352 912 914
1353 1352 918 919
1354 1353 831 832
1357 1355 877 878
1357 1356 845 846
1359 1358 836 837
1361 1360 864 866
1368 1367 703 704
1369 1368 771 772
1372 1368 997 1003
1374 1373 1005 1006
1377 1373 1007 1015
1376 1375 982 986
1377 1376 988 992
1377 1376 993 994
1379 1378 994 1002
1380 1378 1014 1017
1390 1379 1002 1033
1383 1382 1022 1026
1385 1383 102 103
1385 1384 99 100
1387 1386 1030 1032
1399 1398 965 966
1400 1398 1047 1049
1400 1399 1053 1054
1402 1400 1050 1051
1403 1402 1056 1057
1405 1403 95 96
1405 1404 168 169
1408 1404 1055 1059
1408 1406 165 167
1411 1408 158 160
1412 1411 162 163
1413 1411 1063 1064
1417 1413 158 160
1417 1414 530 531
1415 1414 1065 1067
1417 1415 154 155
1417 1416 447 448
1421 1417 155 157
1420 1418 152 153
1419 1418 1069 1070
1427 1421 96 97
1427 1422 150 154
1425 1424 149 150
1435 1428 146 150
1440 1436 143 145
1439 1438 750 751
1443 1440 579 581
1442 1441 142 143
1448 1444 139 142
1446 1445 86 87
1449 1448 791 792
1449 1448 827 828
1456 1448 867 869
1452 1450 823 824
1453 1451 851 852
1455 1452 885 886
1456 1453 822 823
1456 1454 135 136
1455 1454 755 756
1456 1454 803 804
1457 1455 735 736
1457 1456 912 913
1457 1456 939 940
1459 1457 766 767
1462 1458 823 825
1459 1458 903 904
1460 1459 819 820
1461 1459 880 881
1460 1459 899 900
1460 1459 955 956
1463 1460 951 952
1463 1461 809 810
1463 1461 813 814
1463 1462 510 511
1463 1462 911 912
1464 1462 919 920
1464 1463 471 472
1464 1463 896 897
1465 1464 549 550
1465 1464 766 767
1465 1464 791 792
1465 1464 822 823
1465 1464 827 828
1467 1464 888 889
1467 1464 975 977
1467 1465 879 880
1468 1466 808 809
1469 1467 711 712
1470 1467 790 791
1469 1468 788 789
1470 1468 799 800
1469 1468 953 954
1469 1468 955 956
1470 1469 807 808
1470 1469 951 952
1471 1470 686 687
1471 1470 862 863
1471 1470 878 879
1471 1470 929 930
1471 1470 931 932
1473 1471 846 847
1472 1471 923 924
1473 1471 952 953
1472 1471 954 955
1474 1472 104 105
1473 1472 540 541
1473 1472 667 668
1473 1472 691 692
1473 1472 701 702
1473 1472 768 769
1476 1472 791 792
1473 1472 848 849
1474 1472 859 860
1473 1472 895 896
1473 1472 940 941
1474 1472 942 943
1476 1473 928 929
1476 1473 967 969
1476 1474 896 897
1476 1474 902 903
1476 1474 930 931
1476 1474 1024 1025
1477 1475 500 501
1476 1475 760 761
1477 1475 838 839
1476 1475 900 901
1477 1475 1000 1001
1480 1476 101 104
1477 1476 843 844
1478 1476 872 873
1477 1476 894 895
1481 1477 666 668
1479 1477 987 988
1479 1478 531 532
1479 1478 548 549
1479 1478 696 697
1479 1478 790 791
1479 1478 803 804
1480 1478 862 863
1479 1478 870 871
1479 1478 883 884
1481 1478 928 929
1479 1478 976 977
1480 1479 888 889
1481 1479 930 931
1483 1480 895 896
1482 1480 919 921
1489 1481 98 102
1482 1481 1018 1019
1484 1483 784 785
1485 1483 927 928
1484 1483 963 964
1484 1483 967 968
1484 1483 1031 1032
1485 1484 788 789
1485 1484 974 975
1486 1485 695 696
1486 1485 968 969
1487 1485 991 992
1487 1486 628 629
1488 1486 706 707
1487 1486 934 935
1489 1486 971 972
1489 1487 969 970
1489 1488 780 781
1493 1490 1022 1023
1492 1491 679 680
1493 1492 973 974
1493 1492 979 980
1494 1493 1007 1008
1496 1494 984 985
1495 1494 1009 1010
1495 1494 1011 1012
1496 1494 1018 1020
1501 1495 956 957
1498 1495 978 980
1496 1495 1001 1002
1496 1495 1014 1015
1497 1496 595 596
1497 1496 1003 1004
1499 1498 975 976
1501 1500 1037 1038
1503 1502 993 994
1504 1503 1031 1032
1513 1511 999 1000
1513 1511 1054 1056
1519 1518 1030 1031
1519 1518 1042 1043
1520 1519 370 379
1520 1519 385 387
1528 1527 87 88
1528 1527 312 313
1528 1527 317 320
1528 1527 414 421
1530 1527 481 486
1529 1528 293 296
1529 1528 422 423
1529 1528 1062 1063
1530 1529 424 433
1531 1530 434 437
1532 1531 478 479
1532 1531 483 485
1535 1532 495 496
1539 1535 471 473
1537 1536 496 497
1537 1536 1078 1080
1542 1539 498 499
1541 1540 434 436
1543 1541 465 469
1553 1545 497 498
1549 1548 679 680
1554 1553 40 41
1555 1554 46 47
1557 1554 495 497
1557 1556 40 41
1560 1558 494 495
1563 1561 492 493
1566 1564 490 492
1569 1568 488 489
1570 1568 651 652
1571 1570 486 487
1575 1574 648 649
1579 1578 479 480
1583 1582 474 475
1584 1583 472 473
1586 1583 968 969
1591 1590 971 972
1597 1596 454 455
1603 1602 441 447
1609 1608 428 431
1612 1611 407 408
1615 1613 393 404
1615 1614 375 378
1619 1615 379 388
1616 1615 388 390
1622 1621 393 394
1623 1622 396 397
1630 1629 432 436
1631 1630 860 861
1632 1631 446 447
1632 1631 695 696
1640 1639 472 474
1642 1641 778 779
1644 1642 925 926
1645 1643 921 922
1645 1644 486 487
1647 1646 935 936
1647 1646 947 948
1647 1646 1022 1023
1648 1647 493 495
1650 1649 500 503
1654 1653 935 936
1661 1660 1047 1048
1665 1664 1051 1053
1669 1668 543 545
1672 1670 1030 1031
1673 1670 1054 1055
1673 1672 904 905
1673 1672 980 981
1673 1672 1059 1060
1677 1674 1006 1007
1679 1678 1031 1032
1680 1679 943 944
1685 1682 916 917
1687 1685 617 618
1687 1685 1007 1008
1688 1686 1016 1017
1689 1688 1014 1015
1697 1696 667 668
1703 1701 664 665
1703 1701 716 717
1703 1702 714 715
1705 1704 1004 1005
1709 1706 928 929
1709 1707 1028 1029
1713 1712 691 692
1713 1712 843 844
1713 1712 971 972
1716 1715 967 968
1716 1715 971 972
1720 1717 656 657
1719 1717 748 750
1719 1718 774 775
1719 1718 843 844
1723 1721 655 656
1722 1721 1031 1032
1724 1723 390 391
1726 1724 656 658
1728 1725 660 661
1727 1726 396 397
1728 1727 392 393
1728 1727 401 403
1729 1727 658 659
1729 1727 967 968
1729 1728 668 669
1735 1733 675 677
1735 1734 434 436
1736 1735 386 391
1736 1735 429 430
1737 1736 392 394
1738 1737 456 457
1741 1739 410 411
1740 1739 413 415
1741 1740 418 420
1741 1740 456 459
1743 1741 406 411
1742 1741 412 413
1742 1741 421 424
1744 1742 428 435
1745 1744 438 439
1746 1744 747 750
1745 1744 968 969
1747 1745 1071 1072
1747 1746 473 475
1749 1746 663 664
1748 1747 455 457
1750 1748 472 476
1751 1750 662 663
1752 1751 482 483
1752 1751 487 490
1753 1752 1074 1075
1760 1759 536 537
1761 1760 542 543
1763 1762 1011 1012
1770 1769 522 523
1772 1771 520 522
1772 1771 525 526
1772 1771 590 591
1778 1776 959 960
1784 1783 554 555
1786 1784 885 886
1791 1789 885 886
1791 1790 966 967
1804 1803 919 920
1811 1808 962 963
1817 1814 926 928
1828 1827 1076 1077
1829 1828 671 672
1829 1828 800 801
1831 1830 827 828
1834 1832 731 733
1839 1838 1063 1064
1851 1848 919 920
1855 1854 397 400
1856 1855 407 409
1865 1864 884 885
1865 1864 997 998
1865 1864 999 1000
1867 1865 871 872
1868 1867 440 441
1880 1879 470 472
1888 1887 489 490
1889 1888 493 494
1890 1888 950 951
1892 1890 840 841
1893 1892 507 508
1896 1895 526 528
1896 1895 529 532
1898 1896 542 546
1897 1896 1046 1048
1899 1898 549 550
1899 1898 935 936
1901 1900 558 564
1903 1902 575 579
1904 1903 583 585
1911 1910 0 2
