16 0 0 94
1 0 51 52
4 0 557 558
3 0 570 573
3 0 576 577
1 0 618 619
2 0 626 627
2 0 629 630
5 0 648 649
8 0 650 651
3 0 659 660
3 0 663 664
1 0 711 712
1 0 766 767
3 0 774 776
1 0 776 777
1 0 1260 1261
1 0 1478 1479
1 0 1487 1488
1 0 1732 1733
1 0 1906 1907
2 1 46 47
2 1 88 89
5 1 622 625
2 1 744 745
2 1 843 845
2 1 1774 1775
2 1 1817 1822
3 1 1865 1868
2 1 1879 1880
3 2 4 5
5 2 571 575
4 2 584 585
6 2 695 697
3 2 762 763
5 2 765 768
15 2 775 780
4 2 1558 1560
5 3 63 64
4 3 67 68
7 3 558 560
4 3 1760 1761
4 3 1898 1899
5 4 0 2
5 4 56 57
5 4 610 611
6 4 615 617
10 4 660 662
5 4 906 907
6 4 1731 1732
17 5 608 617
7 5 664 665
6 5 770 771
7 6 12 15
8 6 566 569
7 6 1728 1729
13 6 1864 1867
9 7 560 561
18 7 571 576
8 7 620 621
8 7 633 634
10 7 666 667
12 7 807 815
8 7 835 837
8 7 896 897
8 7 1810 1812
8 7 1889 1890
8 7 1900 1902
10 8 583 584
20 8 640 647
9 8 668 669
9 8 670 671
10 8 746 747
10 8 791 792
9 8 1099 1101
11 8 1778 1781
9 8 1906 1909
10 9 581 582
12 9 597 601
12 9 622 623
10 9 646 647
10 9 662 663
10 9 744 745
13 9 750 752
19 9 777 782
11 9 846 848
12 10 71 73
11 10 546 547
12 10 548 549
19 10 555 559
11 10 563 564
11 10 565 566
11 10 853 855
13 10 874 876
11 10 1062 1064
11 10 1093 1095
11 10 1906 1909
12 11 552 553
14 11 645 647
12 11 663 664
12 11 713 714
12 11 771 772
12 11 1321 1326
13 12 54 55
13 12 56 57
14 12 634 635
13 12 743 745
13 12 847 851
13 12 1089 1091
13 12 1400 1402
13 12 1406 1407
14 13 40 41
14 13 58 62
14 13 549 550
15 13 581 582
16 13 596 599
14 13 829 830
14 13 1056 1057
14 13 1478 1479
15 13 1768 1769
14 13 1886 1887
16 13 1895 1897
100 14 618 746
16 14 663 664
15 14 665 666
16 14 712 713
15 14 769 770
15 14 786 790
15 14 1660 1661
15 14 1665 1666
15 14 1772 1773
15 14 1907 1908
16 15 29 30
17 15 505 506
17 15 507 508
18 15 525 527
16 15 601 603
16 15 717 718
19 15 745 746
16 15 804 805
16 15 1478 1479
16 15 1688 1689
16 15 1755 1757
16 15 1813 1814
16 15 1864 1865
17 15 1872 1873
16 15 1888 1890
19 16 2 6
18 16 748 749
17 16 754 755
17 16 1113 1114
18 16 1664 1665
19 16 1680 1683
17 16 1897 1900
17 16 1910 1911
18 17 665 666
18 17 806 811
18 17 1691 1692
19 17 1865 1866
18 17 1874 1875
20 18 9 10
23 18 523 526
19 18 648 649
19 18 773 775
20 18 1800 1801
19 18 1909 1910
20 19 7 8
21 19 636 637
21 19 770 771
20 19 1113 1114
21 20 515 517
21 20 521 523
151 20 551 632
21 20 583 584
21 20 649 650
22 20 783 784
21 20 1763 1764
24 20 1901 1909
21 20 1910 1912
21 20 1913 1915
22 21 5 6
25 21 504 506
23 21 507 512
22 21 569 570
22 21 800 802
23 21 1116 1117
22 21 1686 1687
22 21 1688 1689
22 21 1751 1752
23 21 1865 1866
23 22 130 131
23 22 132 133
24 22 488 492
23 22 517 521
29 22 570 574
23 22 592 593
23 22 700 701
23 22 1048 1049
23 22 1827 1828
23 22 1896 1899
26 23 493 501
24 23 528 533
24 23 535 536
24 23 545 546
24 23 556 557
24 23 590 591
24 23 629 630
24 23 647 648
24 23 651 652
26 23 749 750
24 23 1133 1134
24 23 1219 1223
24 23 1779 1780
24 23 1911 1912
26 23 1917 1920
25 24 145 146
26 24 148 149
25 24 538 539
26 24 553 555
26 24 670 671
25 24 746 747
26 24 757 758
25 24 786 787
25 24 1595 1596
25 24 1888 1889
29 25 0 2
26 25 162 163
26 25 535 537
27 25 538 542
27 25 564 565
29 25 589 591
26 25 614 615
26 25 633 635
26 25 650 653
27 25 773 775
27 25 1075 1076
28 25 1912 1913
27 26 544 547
27 26 695 696
27 26 718 719
30 26 1117 1118
28 26 1120 1121
28 26 1272 1273
27 26 1811 1812
28 27 43 44
28 27 450 453
47 27 499 504
28 27 550 552
28 27 655 656
28 27 657 658
29 28 161 162
29 28 454 455
30 28 538 541
29 28 544 546
29 28 553 554
30 28 587 588
29 28 613 614
30 28 650 654
29 28 669 670
29 28 674 675
30 28 1076 1077
29 28 1278 1279
30 28 1808 1809
30 29 449 453
31 29 458 463
31 29 536 538
35 29 547 554
30 29 639 640
30 29 698 699
31 29 750 751
30 29 1912 1913
31 30 454 456
31 30 555 556
31 30 688 689
31 30 718 719
33 30 752 754
31 30 1396 1397
34 31 462 468
32 31 511 512
33 31 524 526
32 31 571 572
33 31 759 760
34 31 1078 1080
32 31 1271 1272
32 31 1863 1864
33 32 500 501
33 32 555 556
33 32 670 671
33 32 776 777
33 32 1073 1074
35 32 1076 1077
33 32 1658 1659
35 32 1898 1902
34 33 84 87
35 33 656 657
36 33 761 762
35 34 470 472
40 34 490 492
37 34 521 526
36 34 764 767
37 34 773 774
37 34 1195 1198
35 34 1232 1233
36 35 456 457
37 35 574 575
37 35 718 720
36 35 1504 1505
36 35 1680 1681
37 35 1729 1730
37 35 1734 1735
37 36 461 463
37 36 474 475
40 36 656 659
37 36 1051 1052
37 36 1055 1056
38 36 1073 1075
38 36 1088 1089
37 36 1895 1898
37 36 1900 1901
92 37 489 537
38 37 654 655
38 37 1059 1060
41 37 1075 1077
40 37 1704 1705
39 38 526 527
40 38 701 702
40 38 751 752
42 38 779 781
39 38 944 945
40 38 1031 1032
40 38 1063 1065
39 38 1615 1617
39 38 1654 1656
39 38 1887 1888
41 39 479 486
40 39 538 539
40 39 649 650
40 39 651 652
41 39 660 661
40 39 723 724
44 39 755 757
40 39 1098 1099
41 39 1106 1107
40 39 1229 1231
40 39 1849 1851
41 40 542 544
41 40 557 558
42 40 727 728
41 40 847 848
41 40 1049 1050
42 40 1080 1082
43 40 1857 1859
43 41 492 493
46 41 494 496
42 41 529 530
53 41 531 553
42 41 546 548
43 41 550 552
42 41 572 573
43 41 655 656
43 41 657 659
43 41 677 678
42 41 777 778
42 41 1046 1047
44 41 1095 1103
43 42 488 489
43 42 503 504
43 42 541 542
43 42 574 575
43 42 661 662
51 42 721 725
43 42 1024 1025
45 42 1062 1064
44 42 1799 1800
43 42 1806 1807
44 43 527 532
44 43 539 540
44 43 726 727
44 43 776 777
44 43 778 780
45 43 1039 1041
47 43 1075 1077
44 43 1764 1765
45 44 486 488
45 44 508 511
45 44 596 597
47 44 753 754
46 45 503 505
46 45 557 559
56 45 559 565
47 45 587 588
46 45 694 695
46 45 1047 1048
46 45 1816 1817
47 46 555 556
47 46 597 598
47 46 702 703
47 46 705 706
47 46 756 757
47 46 1042 1044
48 46 1050 1051
51 46 1060 1062
47 46 1750 1751
48 47 503 504
50 47 554 559
51 47 584 586
48 47 748 749
48 47 1063 1064
48 47 1259 1260
49 47 1506 1508
48 47 1917 1918
50 48 580 582
50 48 590 594
51 48 726 728
50 48 779 780
49 48 782 784
49 48 1075 1076
49 48 1119 1120
49 48 1265 1266
50 49 118 119
50 49 528 529
51 49 543 546
50 49 676 677
50 49 1616 1617
51 50 597 599
52 50 690 691
54 51 192 195
52 51 579 580
52 51 783 784
52 51 1544 1545
57 52 539 553
53 52 545 546
55 52 706 707
55 52 722 726
54 53 535 537
54 53 1118 1120
54 53 1123 1126
54 53 1918 1920
56 54 562 563
56 54 727 728
55 54 1064 1065
55 54 1344 1345
55 54 1879 1880
57 55 195 196
57 55 783 784
56 55 1115 1116
56 55 1118 1119
56 55 1881 1882
60 56 109 121
65 56 552 572
57 56 573 574
57 56 1056 1057
58 56 1061 1062
58 56 1110 1111
69 56 1121 1131
57 56 1130 1131
58 56 1844 1846
58 57 543 546
58 57 593 594
67 57 594 603
58 57 697 699
59 57 759 760
59 57 839 840
59 57 951 952
59 57 995 996
58 57 1050 1051
58 57 1818 1819
58 57 1881 1882
59 57 1885 1886
61 58 521 522
66 58 536 543
59 58 703 704
60 58 705 706
60 58 708 709
61 58 784 785
59 58 1133 1134
59 58 1734 1735
59 58 1800 1801
59 58 1820 1821
59 58 1826 1828
63 59 198 201
61 59 523 525
61 59 529 533
60 59 827 828
62 59 1822 1824
61 59 1831 1833
61 60 74 75
61 60 116 117
61 60 512 513
61 60 546 548
61 60 549 553
62 60 700 702
62 60 710 711
61 60 767 768
62 60 771 772
61 60 829 830
61 60 877 878
61 60 1064 1065
61 60 1806 1807
62 60 1843 1845
62 60 1879 1882
62 60 1885 1887
66 61 102 110
63 61 527 528
62 61 1052 1054
63 62 486 487
64 62 524 526
63 62 531 533
65 62 551 555
63 62 567 568
63 62 743 744
67 62 1072 1074
63 62 1085 1086
64 62 1103 1105
63 62 1111 1112
64 63 97 98
64 63 543 544
67 63 549 550
64 63 588 589
64 63 590 591
67 63 706 708
64 63 709 710
64 63 727 729
64 63 779 780
64 63 879 880
64 63 988 989
64 63 1076 1077
64 63 1770 1771
65 63 1822 1824
67 64 514 522
75 64 533 547
65 64 1577 1578
67 64 1580 1584
66 65 470 471
66 65 484 485
67 65 489 490
72 65 517 535
67 65 710 711
66 65 727 728
68 65 755 757
67 65 1056 1059
67 65 1816 1817
66 65 1821 1822
66 65 1843 1846
67 66 99 100
67 66 486 488
67 66 507 509
67 66 758 759
69 66 761 762
68 66 766 767
68 66 1078 1079
69 67 471 473
69 67 491 492
69 67 536 537
70 67 730 731
70 67 1121 1122
68 67 1506 1508
71 68 505 508
75 68 509 516
69 68 603 605
70 68 727 728
69 68 1056 1057
69 68 1059 1061
69 68 1811 1813
70 68 1822 1824
89 69 477 497
70 69 1103 1104
70 69 1808 1809
72 70 71 73
71 70 492 493
74 70 501 506
71 70 516 517
71 70 518 519
72 70 549 550
72 70 605 606
72 70 778 780
71 70 1018 1019
71 70 1055 1056
74 70 1072 1074
72 71 232 234
73 71 479 482
73 71 600 601
75 71 726 727
73 71 784 785
74 71 789 790
73 71 1063 1065
73 71 1069 1071
76 71 1075 1078
73 71 1095 1096
72 71 1099 1100
72 71 1101 1102
72 71 1140 1141
72 71 1565 1566
72 71 1682 1683
72 71 1719 1720
72 71 1734 1735
72 71 1815 1816
80 72 520 533
76 72 1088 1097
74 72 1117 1119
74 73 514 515
74 73 529 531
74 73 547 548
77 73 549 555
74 73 1017 1021
75 73 1824 1827
78 74 481 484
78 74 506 508
76 74 536 538
75 74 601 602
79 74 601 605
75 74 768 769
75 74 1066 1067
75 74 1110 1111
76 74 1828 1831
79 75 210 212
76 75 218 219
76 75 788 789
77 75 790 791
76 75 1082 1085
79 75 1088 1092
78 75 1114 1116
77 76 221 222
78 76 516 518
82 76 539 544
77 76 773 775
77 76 845 846
78 76 1001 1004
77 76 1069 1070
77 76 1351 1352
77 76 1686 1687
80 77 512 517
78 77 547 548
78 77 840 841
78 77 1071 1073
78 77 1086 1087
80 78 581 583
79 78 791 792
80 78 847 850
79 78 988 991
79 78 1455 1456
79 78 1614 1616
80 78 1789 1792
80 78 1893 1896
98 79 531 538
90 79 549 559
86 79 770 772
80 79 969 970
80 79 979 980
80 79 1625 1626
80 79 1645 1646
81 80 513 514
81 80 518 520
84 80 559 561
81 80 762 763
83 80 1104 1107
81 80 1785 1786
91 81 525 532
83 81 543 545
84 81 604 605
82 81 609 610
82 81 978 980
83 81 1679 1680
83 81 1912 1914
83 82 471 475
83 82 489 491
85 82 509 511
83 82 549 550
83 82 775 776
83 82 963 964
83 82 971 976
84 82 1113 1115
83 82 1177 1179
86 82 1917 1920
85 83 0 1
84 83 216 217
84 83 515 516
84 83 519 520
84 83 557 558
85 83 790 792
84 83 857 863
85 84 471 474
86 84 517 518
85 84 521 522
85 84 533 534
85 84 542 543
85 84 613 615
85 84 720 721
85 84 970 972
85 84 978 981
85 84 1046 1047
85 84 1596 1597
85 84 1913 1914
85 84 1915 1916
86 85 463 465
87 85 488 492
87 85 494 496
86 85 523 524
86 85 768 769
86 85 1760 1761
87 86 0 1
89 86 217 221
89 86 484 487
92 86 545 548
87 86 1177 1180
87 86 1729 1730
88 86 1912 1914
88 87 464 466
88 87 542 543
89 87 562 567
88 87 615 616
88 87 640 643
89 87 1103 1104
90 87 1112 1114
88 87 1724 1725
88 87 1774 1775
89 88 228 229
89 88 455 456
89 88 480 481
96 88 502 507
89 88 509 511
93 88 581 583
89 88 602 603
89 88 804 805
90 89 486 487
91 89 490 492
91 89 493 494
90 89 565 566
111 89 565 590
90 89 575 576
91 89 614 615
90 89 779 780
90 89 794 796
90 89 1116 1117
90 89 1713 1714
94 90 223 225
92 90 513 517
92 90 542 543
93 90 559 564
91 90 579 580
93 90 605 606
92 90 610 611
91 90 742 743
92 90 781 782
91 90 801 802
91 90 805 806
91 90 824 826
93 90 1103 1105
92 91 227 228
96 91 508 514
92 91 530 531
93 91 550 553
97 91 553 557
92 91 777 778
94 91 802 805
93 91 1071 1072
93 91 1113 1114
93 92 1 2
94 92 520 521
94 92 522 523
93 92 558 560
93 92 615 616
93 92 732 734
96 92 794 796
93 92 962 963
94 92 1143 1144
96 93 541 544
94 93 779 780
94 93 1585 1586
97 94 516 521
98 94 523 527
95 94 548 550
95 94 552 553
95 94 799 800
100 94 1104 1105
95 94 1712 1713
108 95 226 236
99 95 529 534
97 95 614 615
96 95 669 672
96 95 747 748
96 95 768 769
96 95 839 840
96 95 873 875
97 95 929 931
96 95 967 969
96 95 1005 1007
97 95 1150 1151
96 95 1498 1499
96 95 1579 1580
97 95 1895 1896
97 96 515 516
103 96 536 551
97 96 549 550
97 96 586 587
97 96 790 791
99 96 800 803
98 96 921 923
97 96 924 925
97 96 996 998
98 96 1040 1043
97 96 1106 1107
97 96 1823 1824
110 97 747 756
98 97 932 933
99 98 614 615
99 98 616 617
100 98 653 656
101 98 814 815
99 98 1110 1111
99 98 1680 1681
101 98 1894 1896
100 99 87 89
102 99 567 568
101 99 621 623
100 99 643 646
100 99 928 930
101 99 1026 1027
101 99 1028 1029
100 99 1902 1903
102 100 612 613
109 100 804 808
101 100 1040 1041
101 100 1111 1112
102 101 555 557
102 101 802 803
103 101 1137 1138
103 101 1892 1893
103 102 494 495
103 102 552 553
103 102 558 560
103 102 616 617
103 102 620 621
103 102 932 933
104 102 1103 1104
103 102 1728 1729
103 102 1890 1891
104 103 765 766
104 103 883 884
104 103 1071 1072
105 103 1122 1124
109 104 493 496
107 104 547 554
105 104 556 557
109 104 559 576
105 104 623 624
106 104 767 768
106 104 808 809
105 104 834 835
105 104 841 842
106 104 859 860
105 104 940 942
105 104 1076 1077
106 104 1125 1132
111 104 1133 1135
105 104 1148 1149
106 104 1497 1498
106 104 1502 1504
107 105 594 596
108 105 618 620
107 105 799 802
109 105 838 840
110 105 841 846
106 105 1511 1512
109 105 1891 1893
107 106 577 578
109 106 834 837
107 106 1073 1075
107 106 1119 1123
107 106 1128 1129
109 107 622 623
108 107 860 862
108 107 952 955
108 107 1112 1113
108 107 1124 1125
108 107 1140 1141
108 107 1147 1148
108 107 1658 1660
108 107 1697 1699
108 107 1700 1702
120 108 237 248
109 108 595 596
109 108 845 846
109 108 1076 1077
115 109 757 760
110 109 900 901
110 109 942 943
110 109 1113 1114
110 109 1591 1592
110 109 1726 1727
112 110 770 771
116 110 804 807
112 110 834 835
112 110 936 938
111 110 1148 1149
112 111 588 590
112 111 624 625
112 111 638 639
112 111 667 668
112 111 675 677
115 111 761 762
113 111 766 767
113 111 909 910
112 111 1473 1474
113 112 604 605
114 112 606 609
114 112 622 624
113 112 628 629
113 112 693 694
113 112 696 698
114 112 784 789
115 112 808 814
113 112 813 814
113 112 1006 1007
114 113 704 705
116 113 796 797
114 113 891 892
115 114 619 620
115 114 710 711
115 114 794 795
116 114 909 911
115 114 1096 1097
120 115 605 609
116 115 783 785
116 115 800 801
120 116 419 424
117 116 592 593
121 116 601 604
118 116 762 763
117 116 788 790
119 116 807 814
117 116 810 811
117 116 1588 1589
146 117 754 775
118 117 868 869
118 117 894 895
118 117 1312 1313
119 118 815 816
119 118 1791 1792
119 118 1894 1896
120 118 1913 1915
121 119 434 435
120 119 610 611
121 119 801 803
121 119 868 871
120 119 979 980
120 119 1507 1508
120 119 1617 1618
120 119 1722 1723
120 119 1910 1911
121 120 430 431
122 120 436 437
121 120 439 440
121 120 464 465
158 120 417 480
165 120 536 589
121 120 931 933
124 121 427 430
122 121 442 443
124 121 444 446
122 121 447 449
122 121 451 453
124 121 446 462
152 121 592 609
122 121 612 613
129 122 595 601
123 122 746 749
123 122 753 754
123 122 853 854
125 122 1136 1138
124 123 766 767
124 123 779 780
124 123 1891 1892
128 124 456 462
129 124 527 535
127 124 743 753
125 124 1147 1148
129 125 445 450
128 125 451 455
126 125 630 631
163 125 768 785
126 125 775 777
126 125 1573 1574
129 125 1904 1906
128 126 466 470
128 126 471 473
127 126 660 662
130 127 631 639
129 127 664 666
167 127 662 727
128 127 770 771
131 127 790 793
128 127 1437 1440
129 128 464 465
129 128 528 529
134 128 688 695
132 128 696 701
129 128 800 801
134 128 802 803
129 128 808 809
129 128 815 816
130 128 1786 1787
129 128 1918 1920
130 129 450 452
130 129 457 458
131 129 782 784
130 129 1543 1545
130 129 1546 1547
130 129 1622 1623
130 129 1818 1820
131 129 1901 1902
135 129 1910 1912
134 130 479 481
136 130 625 632
135 130 794 796
132 130 809 811
132 130 1007 1009
131 130 1014 1015
134 131 888 889
134 131 1116 1117
132 131 1551 1555
136 132 631 638
133 132 1118 1119
134 132 1816 1817
133 132 1902 1903
133 132 1904 1905
134 133 986 988
134 133 990 991
134 133 1002 1003
136 133 1004 1006
134 133 1103 1104
134 133 1538 1540
134 133 1822 1823
136 133 1831 1833
134 133 1914 1915
135 134 483 485
137 134 582 586
135 134 640 641
135 134 696 697
135 134 782 784
135 134 906 907
135 134 1543 1544
137 135 480 481
139 135 527 531
136 135 562 564
136 135 792 794
140 135 799 801
136 135 1835 1836
136 135 1853 1854
147 136 481 496
139 136 522 526
137 136 639 640
137 136 693 694
160 136 804 813
137 136 943 944
138 136 1912 1913
138 137 552 553
138 137 629 630
138 137 636 637
139 137 643 645
138 137 683 686
139 138 610 611
139 138 687 688
140 139 531 533
142 139 648 650
141 139 781 783
140 139 792 793
140 139 943 945
140 139 1463 1464
141 139 1914 1915
142 140 524 527
144 140 651 652
141 140 679 680
143 141 496 498
142 141 520 521
142 141 528 529
156 141 708 745
142 141 810 811
142 141 820 822
143 141 901 902
147 141 1903 1905
143 141 1912 1913
143 142 443 444
143 142 533 534
143 142 644 645
143 142 846 847
144 142 896 899
143 142 1079 1080
143 142 1500 1501
143 142 1862 1863
149 143 515 528
145 143 587 589
146 144 432 435
145 144 814 815
145 144 894 895
145 144 900 901
145 144 929 932
145 144 1690 1693
146 145 429 430
146 145 437 438
147 145 460 462
146 145 469 470
146 145 784 785
146 145 1126 1127
146 145 1151 1152
147 146 482 483
147 146 519 520
152 146 641 647
148 146 773 775
148 146 899 901
147 146 1114 1115
167 147 426 472
148 147 472 475
148 147 484 485
158 147 497 526
149 147 525 529
149 147 590 592
148 147 713 716
148 147 740 741
148 147 784 785
148 147 800 801
148 147 804 805
148 147 806 807
167 147 896 903
150 147 1079 1080
148 147 1103 1104
149 148 456 457
154 148 539 546
151 148 615 619
150 148 665 666
150 148 667 670
163 148 736 749
149 148 1870 1871
151 149 473 477
152 149 593 602
150 149 611 612
151 149 660 662
151 149 772 774
153 149 1904 1907
151 150 418 419
160 150 471 497
151 150 527 529
151 150 658 659
152 150 671 672
156 150 722 730
153 150 815 816
152 150 1138 1139
151 150 1835 1836
154 151 554 559
152 151 663 664
152 151 813 814
152 151 1063 1064
153 151 1098 1099
152 151 1117 1120
154 151 1134 1135
152 151 1869 1870
154 152 611 613
154 152 624 625
156 152 664 666
153 152 1121 1126
153 152 1752 1753
169 153 527 550
154 153 578 580
154 153 595 596
154 153 597 599
164 153 630 641
164 153 642 648
154 153 1128 1129
154 153 1447 1448
154 153 1619 1620
155 153 1915 1916
162 154 507 514
155 154 581 583
157 154 591 595
156 154 615 619
156 154 710 716
155 154 721 723
156 154 733 735
155 154 822 823
155 154 1100 1101
155 154 1107 1108
156 154 1125 1133
155 154 1396 1397
155 154 1724 1725
156 154 1865 1867
155 154 1904 1905
157 155 334 336
158 155 467 471
157 155 472 474
159 155 557 565
157 155 596 600
159 155 618 624
157 155 658 659
156 155 706 707
157 155 1096 1097
158 155 1126 1136
156 155 1530 1531
156 155 1855 1856
157 155 1902 1903
157 156 496 497
161 156 516 522
157 156 555 556
158 156 700 705
158 156 713 722
157 156 1103 1104
157 156 1532 1533
158 156 1911 1913
157 156 1915 1916
160 157 476 478
158 157 579 580
158 157 588 589
166 157 646 664
158 157 706 711
158 157 1099 1100
158 157 1454 1455
159 158 499 500
159 158 590 592
162 158 598 606
159 158 813 814
159 158 901 902
159 158 1068 1069
160 158 1078 1080
159 158 1619 1621
159 158 1758 1760
159 158 1787 1788
159 158 1915 1916
161 159 421 424
160 159 470 471
160 159 525 526
162 159 588 591
160 159 596 599
160 159 700 703
160 159 716 717
160 159 724 726
161 159 1131 1134
160 159 1805 1806
161 160 416 417
161 160 418 419
161 160 696 697
166 160 1089 1091
163 160 1106 1108
161 160 1263 1266
161 160 1726 1727
162 161 344 350
164 161 497 503
162 161 516 517
164 161 524 529
165 161 556 560
164 161 585 591
167 161 693 696
162 161 731 732
163 162 283 284
174 162 422 439
164 162 512 513
163 162 518 520
164 162 568 571
163 162 630 631
165 162 638 642
163 162 725 726
165 162 731 740
163 162 1725 1726
163 162 1744 1745
163 162 1748 1749
167 163 411 416
167 163 422 424
166 163 453 457
164 163 502 503
166 163 531 534
164 163 727 729
167 163 742 745
164 163 1746 1747
164 163 1865 1866
165 164 283 284
168 164 408 410
166 164 420 421
165 164 460 461
165 164 465 466
165 164 496 497
166 164 536 538
165 164 1750 1751
167 165 401 404
169 165 404 407
166 165 437 438
166 165 522 523
166 165 642 643
172 165 647 661
166 165 776 777
169 165 1142 1146
166 165 1264 1265
168 165 1865 1867
166 165 1869 1871
168 166 283 285
168 166 462 464
169 166 630 634
168 166 705 709
167 166 778 779
168 166 1119 1120
167 166 1150 1151
167 166 1591 1592
168 166 1718 1721
167 166 1741 1743
167 166 1749 1750
167 166 1798 1800
168 167 419 421
168 167 532 533
169 167 698 700
171 167 733 737
169 167 738 741
168 167 904 905
168 167 1152 1153
168 167 1154 1155
168 167 1415 1417
168 167 1715 1716
168 167 1807 1809
169 168 410 412
172 168 438 443
170 168 712 718
169 168 879 880
171 168 1761 1764
169 168 1765 1766
169 168 1811 1812
170 169 401 403
174 169 402 409
180 169 416 423
179 169 872 877
173 169 901 903
171 170 632 633
171 170 634 636
171 170 876 877
172 170 1094 1095
172 170 1728 1729
172 170 1750 1752
171 170 1763 1764
175 171 396 401
172 171 1082 1083
172 171 1118 1119
173 172 700 704
174 172 877 879
185 172 901 906
174 172 1143 1144
173 172 1705 1707
175 173 429 431
174 173 437 439
174 173 442 443
176 173 641 643
174 173 777 779
174 173 1141 1142
175 174 434 436
178 174 887 889
176 175 440 442
176 175 1181 1182
176 175 1362 1364
176 175 1796 1797
177 176 395 396
179 176 397 399
177 176 406 407
177 176 446 447
178 176 878 880
177 176 883 885
179 176 1091 1092
177 176 1093 1094
178 176 1721 1722
177 176 1724 1726
178 177 415 416
180 177 429 432
178 177 1163 1164
178 177 1888 1890
178 177 1912 1913
178 177 1918 1920
179 178 395 396
182 178 400 402
180 178 404 407
179 178 445 446
179 178 468 469
180 178 880 886
179 178 1169 1172
179 178 1174 1175
181 178 1659 1660
179 178 1726 1727
180 179 1035 1036
185 180 422 424
182 180 873 875
182 180 888 892
182 180 901 902
181 180 1120 1121
182 180 1167 1169
181 180 1172 1174
181 180 1797 1798
182 180 1914 1917
182 181 398 399
182 181 415 418
182 181 883 884
182 181 1160 1161
241 182 284 394
190 182 385 395
183 182 466 467
183 182 878 879
183 182 1089 1090
183 182 1163 1165
187 183 882 885
184 183 1696 1697
187 184 305 308
185 184 421 422
185 184 876 877
186 184 893 894
189 184 906 908
185 184 909 910
186 184 1054 1055
185 184 1310 1311
186 185 719 720
186 185 959 960
186 185 1050 1051
187 185 1096 1098
191 185 1146 1149
190 186 404 407
190 186 423 425
188 186 890 891
188 186 904 905
187 186 1073 1078
188 186 1307 1308
187 186 1888 1889
188 187 385 386
189 187 401 402
188 187 416 417
192 187 1095 1097
193 187 1099 1103
189 188 327 328
195 188 348 356
189 188 426 427
189 188 720 721
189 188 887 888
189 188 1149 1151
191 188 1156 1158
190 188 1887 1890
191 189 905 906
190 189 1050 1052
190 189 1182 1183
191 189 1663 1665
191 190 311 313
191 190 712 714
191 190 716 717
193 190 890 891
191 190 907 909
191 190 953 955
191 190 1041 1042
191 190 1046 1047
191 190 1054 1055
192 190 1699 1702
192 191 386 389
192 191 459 460
192 191 719 720
192 191 886 887
192 191 967 968
192 191 1089 1090
193 191 1119 1120
193 191 1163 1164
192 191 1901 1902
194 192 393 396
195 192 450 453
193 192 454 455
193 192 907 908
194 192 1638 1639
193 192 1810 1811
195 193 357 358
195 193 1624 1626
198 194 368 370
195 194 396 397
195 194 400 401
200 194 449 455
196 194 1147 1148
196 194 1173 1175
199 195 410 412
196 195 413 414
197 195 424 425
196 195 431 432
201 195 1139 1142
197 195 1170 1172
196 195 1704 1706
198 196 355 358
199 196 370 374
197 196 399 400
200 196 404 407
198 196 422 423
197 196 1136 1137
198 196 1163 1164
197 196 1901 1902
200 197 905 907
198 197 1024 1025
198 197 1030 1031
199 197 1630 1632
208 198 415 424
199 198 1168 1169
208 199 391 403
200 199 408 409
201 199 923 924
201 199 925 926
201 199 1148 1151
202 200 435 438
201 200 903 904
201 200 1116 1117
202 200 1126 1129
201 200 1811 1812
201 200 1853 1855
201 200 1864 1865
202 200 1885 1887
202 201 406 407
206 201 892 896
202 201 1121 1123
214 201 1139 1150
202 201 1230 1231
202 201 1579 1581
204 202 388 390
203 202 900 901
204 202 935 936
203 202 1129 1130
206 202 1139 1140
203 202 1582 1583
204 202 1865 1866
205 202 1867 1868
204 203 406 407
204 203 436 438
205 203 897 898
204 203 1123 1126
204 203 1131 1132
205 203 1886 1887
205 204 80 81
205 204 414 415
207 204 904 907
205 204 910 911
205 204 953 954
208 204 1117 1120
205 204 1230 1231
206 205 438 439
206 205 1113 1114
206 205 1121 1123
206 205 1149 1152
214 206 404 413
209 206 434 438
207 206 1124 1127
208 206 1145 1146
207 206 1167 1169
207 206 1810 1811
208 207 371 372
208 207 890 891
209 207 909 911
208 207 920 921
208 207 988 989
208 207 1109 1111
209 207 1138 1140
208 207 1148 1149
209 207 1162 1167
208 207 1171 1172
208 207 1268 1269
210 207 1838 1841
208 207 1856 1857
209 208 916 917
209 208 1103 1106
214 208 1135 1138
209 208 1917 1918
210 209 1577 1578
211 210 909 912
212 210 939 941
211 210 1077 1078
212 210 1103 1104
211 210 1126 1127
211 210 1168 1169
212 210 1463 1465
212 210 1631 1632
212 211 348 350
218 211 406 414
212 211 904 906
212 211 916 917
212 211 1073 1074
212 211 1075 1076
212 211 1608 1609
213 212 355 356
216 212 918 920
214 212 1574 1575
214 213 421 422
214 213 906 907
215 213 914 917
214 213 1079 1080
214 213 1103 1105
218 214 0 3
215 214 387 389
215 214 893 894
215 214 910 911
224 214 1175 1179
215 214 1187 1188
215 214 1544 1546
215 214 1799 1800
215 214 1916 1917
216 215 385 386
216 215 1004 1005
216 215 1102 1103
216 215 1113 1114
217 215 1127 1128
217 215 1131 1135
216 215 1234 1235
216 215 1535 1537
217 216 4 5
217 216 917 918
217 216 1014 1015
217 216 1076 1077
218 216 1678 1680
219 217 910 911
220 217 912 914
221 217 915 919
222 217 1112 1117
222 217 1834 1837
219 217 1840 1842
220 218 349 351
222 218 905 911
220 218 1074 1077
219 218 1098 1101
219 218 1102 1104
219 218 1105 1107
224 218 1127 1135
220 218 1789 1790
219 218 1909 1911
220 219 924 925
220 219 1089 1096
220 219 1201 1203
220 219 1206 1207
220 219 1785 1786
221 219 1838 1839
222 220 295 297
222 220 1120 1123
221 220 1130 1132
223 220 1843 1848
223 221 12 13
227 221 346 353
222 221 898 899
224 221 914 917
223 221 1065 1070
223 221 1071 1079
222 221 1144 1145
222 221 1183 1184
223 222 2 3
223 222 292 293
226 222 901 906
223 222 1137 1138
223 222 1206 1207
224 223 922 923
224 223 1026 1027
232 223 1123 1126
224 223 1145 1146
226 223 1726 1729
225 224 5 6
225 224 290 291
226 224 1061 1066
226 224 1080 1081
225 224 1132 1135
226 224 1136 1139
226 224 1508 1511
226 224 1572 1574
225 224 1732 1734
225 224 1778 1780
225 224 1830 1831
225 224 1850 1851
226 225 7 8
226 225 921 922
228 225 1054 1061
226 225 1459 1460
226 225 1473 1475
226 225 1514 1515
227 225 1757 1759
227 226 5 6
227 226 1290 1291
228 226 1732 1733
227 226 1734 1735
228 227 1 2
228 227 8 9
230 227 909 913
228 227 1072 1073
229 227 1130 1133
228 227 1541 1542
229 227 1574 1576
228 227 1592 1593
229 227 1852 1855
229 228 3 4
229 228 935 936
229 228 1137 1138
230 228 1139 1141
229 228 1150 1151
229 228 1551 1552
231 228 1569 1573
229 228 1849 1851
230 229 925 928
230 229 1078 1079
231 229 1146 1149
232 229 1152 1154
230 229 1162 1165
230 229 1458 1461
231 229 1472 1475
230 229 1864 1866
231 230 920 921
231 230 1111 1112
232 230 1142 1144
232 230 1725 1727
231 230 1752 1753
234 231 283 285
232 231 909 910
233 231 914 915
232 231 1044 1045
234 231 1079 1088
232 231 1088 1089
234 231 1170 1172
232 231 1535 1536
232 231 1854 1855
233 232 993 994
233 232 1069 1072
234 232 1090 1096
233 232 1100 1101
233 232 1187 1188
233 232 1828 1829
234 233 19 21
234 233 960 962
235 233 1018 1019
235 233 1032 1033
240 233 1034 1037
234 233 1040 1042
234 233 1104 1106
237 233 1120 1127
235 233 1135 1136
236 233 1173 1175
235 233 1189 1190
235 234 16 18
236 234 291 292
235 234 912 913
235 234 943 944
235 234 1038 1039
236 234 1054 1056
235 234 1162 1163
235 234 1166 1167
235 234 1186 1187
235 234 1736 1737
235 234 1740 1743
236 235 920 923
236 235 980 981
236 235 1042 1046
238 235 1048 1052
236 235 1090 1091
237 235 1113 1119
238 235 1159 1161
238 235 1171 1172
237 236 16 17
237 236 997 998
241 236 1031 1033
237 236 1099 1100
237 236 1187 1188
237 236 1456 1457
237 236 1465 1469
238 237 987 988
239 237 1045 1047
238 237 1066 1068
238 237 1075 1076
239 238 944 945
239 238 966 967
239 238 1121 1122
240 238 1172 1174
244 238 1187 1190
239 238 1470 1471
266 239 280 298
240 239 918 919
240 239 920 921
242 239 977 982
240 239 999 1000
240 239 1010 1014
240 239 1016 1019
244 239 1036 1042
240 239 1076 1077
240 239 1081 1083
243 239 1117 1120
241 240 922 923
241 240 968 969
241 240 983 984
241 240 1002 1005
241 240 1008 1009
242 240 1022 1025
241 240 1445 1447
245 240 1689 1691
243 241 305 309
243 241 928 931
242 241 947 948
242 241 971 972
246 241 989 994
243 241 995 1001
242 241 1006 1007
242 241 1013 1015
243 241 1026 1029
244 241 1056 1058
242 241 1096 1098
242 241 1112 1113
243 241 1121 1125
242 241 1440 1441
242 241 1608 1609
287 242 273 321
243 242 921 923
245 242 932 935
243 242 1003 1005
243 242 1031 1032
255 242 1054 1073
247 242 1128 1130
245 242 1672 1674
244 242 1677 1679
243 242 1694 1695
243 242 1781 1782
248 243 305 308
244 243 946 948
249 243 1013 1019
244 243 1021 1022
244 243 1070 1071
244 243 1125 1126
244 243 1686 1688
245 244 299 301
245 244 304 305
245 244 995 997
245 244 1030 1032
246 244 1036 1037
245 244 1045 1046
245 244 1075 1076
245 244 1096 1099
245 244 1131 1135
246 244 1187 1188
246 244 1440 1441
245 244 1675 1676
245 244 1779 1780
246 245 311 312
246 245 929 931
246 245 1009 1010
247 245 1011 1013
254 245 1025 1039
246 245 1077 1079
247 245 1090 1094
247 245 1114 1121
246 245 1168 1169
246 245 1175 1176
248 246 288 290
248 246 298 299
249 246 300 302
247 246 974 976
247 246 1020 1022
247 246 1054 1055
247 246 1073 1074
247 246 1122 1125
248 246 1398 1399
248 247 942 945
250 247 953 958
248 247 960 962
254 247 963 982
248 247 970 973
250 247 993 998
249 247 999 1002
251 247 1005 1010
249 247 1017 1018
254 247 1020 1028
249 247 1046 1051
248 247 1091 1092
248 247 1134 1135
248 247 1189 1190
248 247 1297 1298
248 247 1708 1710
248 247 1752 1753
252 248 946 951
250 248 984 986
249 248 991 992
250 248 1075 1077
249 248 1136 1137
249 248 1139 1140
250 248 1158 1159
250 248 1754 1755
250 249 43 44
250 249 296 297
250 249 304 305
252 249 942 945
254 249 952 960
250 249 987 990
254 249 1001 1004
251 249 1040 1045
251 249 1143 1147
250 249 1191 1192
251 249 1298 1302
251 249 1758 1760
253 250 47 49
251 250 56 57
253 250 61 64
252 250 274 275
251 250 1010 1012
252 250 1047 1050
251 250 1072 1073
251 250 1105 1107
251 250 1137 1138
251 250 1148 1149
255 250 1186 1187
254 250 1391 1396
252 250 1855 1856
252 251 990 991
255 251 1078 1081
254 251 1136 1145
252 251 1168 1169
253 251 1313 1315
255 251 1752 1754
253 251 1763 1764
253 252 58 59
257 252 300 302
253 252 305 306
253 252 950 951
253 252 998 999
253 252 1007 1008
253 252 1011 1012
253 252 1049 1052
255 252 1097 1099
253 252 1105 1107
253 252 1750 1751
254 252 1757 1759
253 252 1839 1840
259 253 63 71
254 253 985 988
254 253 1044 1048
254 253 1091 1093
254 253 1108 1109
254 253 1154 1155
254 253 1158 1159
256 253 1628 1630
256 254 57 61
255 254 964 968
255 254 969 970
255 254 980 981
257 254 983 986
255 254 999 1000
255 254 1012 1017
255 254 1019 1020
255 254 1074 1077
256 254 1087 1089
255 254 1123 1125
258 254 1144 1151
255 254 1231 1232
255 254 1238 1240
255 254 1398 1399
255 254 1646 1647
255 254 1760 1761
257 255 993 994
256 255 1029 1031
256 255 1046 1047
256 255 1052 1054
256 255 1090 1091
256 255 1106 1109
260 255 1113 1121
256 255 1392 1393
256 255 1394 1395
257 256 269 271
257 256 970 971
257 256 1007 1008
258 256 1011 1014
257 256 1044 1045
257 256 1166 1168
257 256 1255 1257
257 256 1287 1288
257 256 1494 1495
257 256 1569 1570
258 256 1573 1574
258 257 317 318
258 257 320 322
258 257 975 976
258 257 1072 1073
259 257 1076 1079
259 257 1161 1163
259 257 1182 1183
260 257 1185 1191
258 257 1262 1263
259 257 1391 1394
261 257 1913 1916
260 258 69 74
264 258 321 325
262 258 999 1012
259 258 1004 1005
259 258 1026 1027
259 258 1043 1044
259 258 1135 1138
259 258 1205 1208
259 258 1210 1212
259 258 1592 1593
260 258 1831 1833
260 259 990 992
260 259 993 998
260 259 1014 1015
262 259 1061 1070
260 259 1145 1151
261 259 1194 1198
268 259 1198 1213
260 259 1213 1214
260 259 1875 1876
263 260 1032 1036
261 260 1043 1045
261 260 1055 1056
261 260 1057 1060
261 260 1072 1073
261 260 1075 1077
262 260 1130 1133
261 260 1138 1141
261 260 1159 1161
261 260 1163 1166
261 260 1205 1207
261 260 1210 1211
264 260 1220 1223
261 260 1257 1258
262 260 1918 1920
263 261 1037 1040
263 261 1082 1090
262 261 1116 1117
262 261 1118 1123
262 261 1151 1152
262 261 1180 1184
264 261 1186 1195
262 261 1213 1214
262 261 1874 1875
263 262 100 101
263 262 1097 1100
263 262 1205 1206
264 262 1210 1212
263 262 1339 1340
264 262 1876 1877
264 263 95 96
264 263 1016 1017
265 263 1019 1023
264 263 1041 1042
264 263 1073 1074
267 263 1159 1176
266 263 1214 1218
264 263 1229 1230
264 263 1436 1437
265 263 1588 1590
264 263 1699 1700
265 263 1880 1882
265 264 99 102
267 264 1023 1040
265 264 1182 1185
268 264 1187 1200
265 264 1231 1234
265 264 1238 1240
267 264 1388 1390
265 264 1661 1663
266 265 1223 1226
267 265 1672 1674
267 266 288 289
271 266 1240 1245
268 266 1254 1256
267 266 1657 1658
267 266 1660 1662
267 266 1665 1666
268 267 1183 1185
268 267 1215 1216
269 267 1221 1230
274 267 1386 1389
268 267 1622 1623
269 267 1667 1668
268 267 1910 1911
269 268 1231 1232
278 268 1246 1273
269 268 1678 1679
273 269 1215 1224
270 269 1550 1551
276 270 1232 1239
272 271 1230 1233
273 271 1279 1281
273 272 1241 1243
273 272 1526 1527
273 272 1888 1889
275 273 270 272
274 273 1228 1230
274 273 1275 1278
274 273 1443 1444
275 274 1242 1246
276 274 1286 1288
276 274 1390 1391
275 274 1541 1543
275 274 1603 1604
275 274 1894 1895
275 274 1902 1903
276 275 1282 1283
276 275 1728 1729
277 276 1238 1240
278 276 1242 1245
277 276 1295 1296
279 276 1896 1898
281 277 1255 1260
279 277 1264 1266
280 277 1267 1273
294 278 1268 1305
280 279 271 272
280 279 1290 1292
282 279 1384 1385
282 279 1386 1387
280 279 1518 1520
282 280 1260 1263
281 280 1856 1857
282 280 1885 1888
282 281 1303 1304
283 282 1306 1311
283 282 1518 1519
283 282 1857 1858
285 283 1316 1319
284 283 1715 1716
284 283 1736 1737
286 284 1606 1608
285 284 1860 1863
287 285 1306 1310
287 285 1353 1354
286 285 1732 1733
286 285 1886 1887
288 286 1295 1297
287 286 1317 1318
287 286 1735 1736
288 287 205 207
297 287 305 312
288 287 1280 1281
301 287 1303 1326
288 287 1330 1332
289 287 1384 1386
289 287 1478 1480
288 287 1826 1827
289 288 311 312
291 288 1868 1870
290 288 1881 1882
290 289 1709 1711
290 289 1885 1886
290 289 1908 1909
293 290 311 313
291 290 1871 1872
291 290 1906 1907
298 291 1384 1386
292 291 1885 1886
293 292 1582 1583
293 292 1883 1884
294 293 1898 1899
295 294 1868 1869
296 295 1320 1321
296 295 1330 1331
297 296 1332 1334
297 296 1818 1819
299 297 1878 1879
300 298 1326 1327
299 298 1328 1330
301 300 1323 1324
301 300 1787 1789
303 301 1312 1318
303 301 1319 1321
302 301 1328 1329
302 301 1352 1353
302 301 1355 1357
303 301 1384 1385
302 301 1835 1837
302 301 1872 1873
306 302 1325 1328
303 302 1759 1760
303 302 1785 1786
313 303 302 312
342 303 1328 1406
304 303 1343 1344
304 303 1761 1762
304 303 1884 1885
305 303 1918 1920
306 304 1589 1590
305 304 1877 1878
314 306 1343 1355
307 306 1488 1489
307 306 1490 1492
307 306 1494 1495
308 307 1340 1341
310 308 1382 1383
309 308 1898 1902
310 309 300 301
310 309 1376 1377
311 309 1589 1591
310 309 1767 1768
311 310 1367 1368
311 310 1711 1712
311 310 1772 1773
311 310 1774 1775
311 310 1796 1797
312 310 1844 1845
311 310 1878 1879
311 310 1900 1902
313 311 1365 1366
319 311 1368 1377
312 311 1382 1384
314 311 1389 1390
312 311 1603 1604
312 311 1707 1709
314 311 1766 1767
312 311 1881 1883
313 312 1378 1379
313 312 1812 1813
313 312 1899 1900
316 313 284 286
337 313 1376 1411
314 313 1701 1703
315 314 1742 1743
317 316 1614 1616
317 316 1899 1900
318 317 1896 1897
319 318 1392 1394
319 318 1584 1585
319 318 1702 1703
319 318 1903 1904
320 319 1396 1398
321 320 1477 1478
321 320 1639 1640
321 320 1686 1687
321 320 1716 1719
322 320 1866 1867
322 321 1710 1711
323 321 1918 1920
323 322 1713 1715
323 322 1906 1907
323 322 1914 1916
324 323 1407 1408
325 324 1399 1400
325 324 1682 1684
325 324 1686 1687
325 324 1741 1743
325 324 1767 1768
325 324 1865 1866
326 324 1910 1911
326 325 1704 1706
332 326 1367 1379
327 326 1859 1861
327 326 1892 1894
328 327 1755 1756
328 327 1801 1802
329 328 1381 1383
329 328 1413 1414
331 329 1509 1511
330 329 1915 1917
333 330 1607 1608
335 332 1379 1382
333 332 1860 1864
335 333 1836 1838
334 333 1851 1852
334 333 1916 1917
335 334 1402 1403
335 334 1504 1505
339 335 1413 1416
336 335 1425 1426
337 336 1390 1391
338 336 1918 1920
343 337 1387 1394
338 337 1699 1700
340 338 1407 1410
341 340 1846 1847
342 341 1603 1604
344 341 1871 1872
343 342 1847 1848
355 343 1404 1418
344 343 1518 1520
344 343 1600 1601
344 343 1914 1915
346 344 1393 1398
346 344 1399 1401
345 344 1430 1433
345 344 1898 1900
347 345 1422 1424
351 345 1426 1430
346 345 1450 1453
348 346 935 936
348 346 937 939
347 346 1710 1711
348 347 1582 1583
348 347 1891 1892
350 348 1399 1400
349 348 1579 1580
349 348 1739 1740
352 349 933 935
351 349 936 938
355 349 1420 1425
350 349 1450 1452
353 349 1893 1896
351 350 1406 1407
351 350 1811 1812
355 351 1401 1411
352 351 1537 1538
353 352 1559 1560
353 352 1678 1679
354 352 1877 1880
354 353 910 912
355 353 1722 1725
354 353 1779 1781
355 353 1872 1875
359 354 931 933
355 354 935 936
355 354 1410 1413
357 354 1417 1421
355 354 1430 1431
356 354 1437 1438
357 355 1432 1433
356 355 1831 1833
356 355 1876 1877
358 356 902 905
357 356 934 935
357 356 1411 1412
357 356 1726 1728
360 357 1422 1424
359 357 1779 1781
360 358 899 901
362 358 1411 1414
360 358 1440 1442
360 359 1010 1014
380 359 1415 1438
360 359 1420 1421
360 359 1446 1447
360 359 1918 1920
365 360 971 977
361 360 980 981
363 360 992 997
361 360 999 1002
362 360 1003 1013
362 360 1015 1018
361 360 1425 1426
371 360 1432 1440
361 360 1443 1444
361 360 1615 1616
361 360 1760 1761
363 361 1019 1023
363 361 1071 1072
364 361 1421 1425
363 361 1447 1449
363 362 968 970
365 362 1068 1070
366 362 1426 1430
368 363 934 936
366 363 956 964
365 363 1593 1594
364 363 1755 1756
365 364 968 969
365 364 997 998
365 364 1000 1006
366 364 1430 1432
365 364 1595 1596
366 365 887 888
366 365 894 895
366 365 1019 1021
367 366 962 963
367 366 992 994
367 366 1005 1007
368 366 1068 1069
369 366 1446 1448
368 366 1592 1593
367 366 1707 1708
368 367 998 999
368 367 1420 1421
369 368 983 985
369 368 1449 1450
369 368 1790 1791
372 369 976 983
375 369 1441 1448
371 369 1546 1548
370 369 1883 1885
371 370 958 959
371 370 1438 1439
373 371 953 954
372 371 1576 1577
375 372 1439 1441
374 373 877 878
374 373 982 983
374 373 990 991
374 373 1712 1713
374 373 1883 1885
377 374 949 951
375 374 1057 1058
387 374 1443 1457
375 374 1450 1451
375 374 1718 1719
377 375 1775 1776
377 375 1874 1876
377 376 976 977
377 376 1452 1453
377 376 1668 1669
383 376 1741 1746
380 377 1456 1458
378 377 1678 1680
379 377 1746 1750
384 378 1461 1467
379 378 1637 1638
379 378 1673 1674
380 378 1675 1676
379 378 1773 1774
381 379 862 863
381 379 1445 1446
381 380 1438 1439
381 380 1443 1444
382 380 1677 1678
381 380 1858 1860
383 381 949 950
383 382 860 861
384 382 1439 1441
424 382 1444 1481
383 382 1638 1639
383 382 1814 1815
383 382 1860 1861
384 383 975 977
384 383 1034 1035
387 383 1071 1073
386 383 1075 1076
385 383 1469 1471
385 383 1473 1476
385 383 1631 1632
384 383 1635 1636
385 383 1649 1652
384 383 1726 1728
385 384 958 959
385 384 1053 1055
386 384 1059 1061
385 384 1078 1079
385 384 1611 1613
385 384 1758 1759
386 384 1914 1916
386 385 872 873
387 385 1917 1920
392 386 1060 1062
388 386 1472 1476
387 386 1538 1539
388 386 1733 1735
399 387 1046 1050
388 387 1730 1732
389 388 1044 1045
389 388 1472 1473
390 388 1726 1728
390 389 952 954
390 389 1032 1033
393 389 1072 1073
390 389 1477 1479
392 391 1023 1024
409 391 1031 1041
393 391 1040 1041
393 391 1535 1536
393 392 839 840
393 392 898 899
394 392 949 950
393 392 1055 1056
398 392 1061 1063
398 392 1477 1480
393 392 1735 1736
394 393 1473 1475
400 394 1031 1034
408 394 1041 1047
397 394 1075 1076
395 394 1533 1534
396 394 1701 1702
396 395 1028 1029
396 395 1058 1060
396 395 1695 1696
396 395 1699 1700
397 396 1481 1482
397 396 1532 1533
398 397 1073 1074
398 397 1487 1488
398 397 1697 1698
399 398 1076 1077
400 399 1049 1050
400 399 1057 1058
400 399 1477 1478
400 399 1480 1481
400 399 1489 1490
401 399 1492 1494
411 400 1062 1065
401 400 1074 1075
401 400 1530 1531
403 401 1481 1483
405 402 1048 1049
403 402 1529 1530
403 402 1915 1916
404 403 1485 1487
404 403 1918 1920
407 404 1017 1018
405 404 1029 1030
405 404 1480 1481
405 404 1912 1913
421 405 1074 1078
406 405 1856 1857
410 406 1041 1045
449 406 1481 1517
408 407 1494 1495
409 407 1496 1498
408 407 1500 1502
408 407 1536 1539
408 407 1839 1840
408 407 1912 1914
411 408 803 804
409 408 1917 1920
410 409 1487 1488
411 409 1525 1526
416 410 1496 1500
411 410 1519 1520
411 410 1896 1897
413 411 1917 1920
414 412 1481 1483
413 412 1508 1509
413 412 1915 1916
414 413 1889 1891
414 413 1894 1895
415 414 1020 1021
415 414 1905 1906
416 415 1492 1493
423 415 1520 1523
416 415 1771 1772
417 415 1878 1880
419 417 1859 1861
418 417 1865 1866
419 417 1869 1871
418 417 1916 1917
420 418 1030 1033
419 418 1512 1513
420 419 1526 1527
420 419 1918 1920
421 420 1771 1772
422 420 1855 1858
421 420 1870 1872
424 422 1630 1632
424 422 1870 1871
426 423 1029 1031
453 423 1076 1081
424 423 1886 1887
425 424 1498 1499
425 424 1508 1509
425 424 1529 1530
425 424 1751 1752
426 424 1916 1918
426 425 1510 1511
426 425 1645 1647
429 426 1028 1033
429 427 1515 1516
431 427 1680 1682
429 428 1517 1518
429 428 1916 1917
431 429 1503 1505
430 429 1645 1647
432 430 1533 1534
431 430 1856 1857
432 430 1915 1918
432 431 1584 1585
433 432 1586 1589
434 433 1805 1806
435 434 1518 1520
435 434 1530 1532
436 434 1534 1535
435 434 1571 1572
437 436 1839 1840
438 437 1231 1232
438 437 1800 1801
440 438 1229 1230
465 438 1513 1523
439 438 1530 1531
439 438 1534 1535
440 439 1726 1729
440 439 1891 1892
442 440 1917 1920
442 441 1875 1876
446 442 995 997
445 442 1665 1666
444 443 993 994
445 443 1501 1502
444 443 1512 1513
445 443 1668 1669
444 443 1906 1909
444 443 1912 1914
445 444 997 998
445 444 1232 1233
445 444 1248 1249
445 444 1522 1523
445 444 1599 1600
446 445 1513 1514
447 445 1531 1533
447 446 743 745
447 446 1216 1217
447 446 1501 1502
447 446 1898 1900
448 447 1781 1782
449 448 1219 1220
455 448 1501 1507
449 448 1823 1824
450 449 1524 1525
450 449 1851 1852
456 450 1508 1510
452 451 1229 1230
461 451 1522 1528
452 451 1554 1557
452 451 1774 1775
453 452 1856 1857
454 453 1511 1512
455 454 1772 1773
456 455 1272 1273
456 455 1698 1700
456 455 1817 1818
456 455 1918 1920
458 456 1246 1248
458 456 1808 1809
461 456 1809 1814
458 457 1510 1511
458 457 1522 1523
462 459 1214 1215
460 459 1269 1270
461 459 1508 1510
460 459 1739 1740
461 460 1079 1080
461 460 1511 1512
464 461 1528 1530
463 461 1875 1876
465 462 1522 1524
463 462 1607 1608
476 463 1075 1078
464 463 1510 1511
467 464 1531 1532
465 464 1869 1870
466 465 1212 1213
467 465 1515 1516
466 465 1704 1705
467 466 719 720
467 466 1028 1029
467 466 1030 1031
469 466 1262 1263
612 466 1519 1563
467 466 1524 1525
467 466 1529 1530
468 467 1768 1771
468 467 1865 1866
469 468 1682 1683
469 468 1684 1685
469 468 1772 1773
469 468 1775 1776
476 469 1255 1260
472 469 1527 1530
471 470 1260 1261
472 471 1236 1237
472 471 1517 1519
473 471 1683 1684
473 471 1736 1738
472 471 1773 1774
473 472 1811 1812
475 473 1240 1243
477 474 1520 1522
476 474 1524 1525
476 475 1916 1917
478 476 1078 1079
478 476 1244 1247
477 476 1811 1813
499 478 1074 1078
481 478 1520 1523
479 478 1754 1756
481 479 1078 1079
481 479 1525 1527
482 481 1522 1523
484 483 702 703
486 484 1524 1526
488 487 1907 1908
492 491 695 702
492 491 1077 1078
495 491 1562 1567
493 492 1272 1273
494 493 1560 1561
494 493 1900 1901
495 494 1077 1078
496 494 1774 1776
496 494 1895 1897
496 495 1247 1248
497 496 1359 1360
498 496 1364 1366
498 496 1563 1564
497 496 1916 1917
498 497 1550 1551
498 497 1771 1773
498 497 1833 1834
501 498 1362 1365
499 498 1568 1569
500 499 1556 1557
501 499 1558 1559
504 500 1358 1364
501 500 1774 1775
502 501 1056 1057
502 501 1555 1556
504 501 1562 1564
512 503 1529 1535
506 504 1734 1735
505 504 1917 1918
506 505 1893 1895
506 505 1911 1912
506 505 1915 1916
507 506 1560 1561
507 506 1869 1870
508 506 1917 1918
508 507 1056 1057
508 507 1865 1866
508 507 1909 1910
508 507 1915 1916
509 508 1563 1564
510 508 1566 1567
509 508 1894 1895
509 508 1913 1914
511 510 1529 1530
512 511 1560 1561
512 511 1895 1896
513 512 1534 1535
513 512 1914 1916
514 513 1909 1912
516 514 790 792
516 514 901 909
515 514 1302 1303
515 514 1556 1557
515 514 1889 1890
515 514 1893 1894
516 515 1538 1539
516 515 1918 1920
517 516 1030 1031
517 516 1562 1563
518 517 1556 1557
522 519 921 925
521 519 1069 1071
521 519 1560 1561
520 519 1878 1879
522 520 799 800
521 520 1034 1036
522 521 1028 1029
523 522 1559 1560
524 523 757 758
525 523 780 782
524 523 802 803
524 523 924 925
527 523 927 930
524 523 1860 1863
525 524 753 754
530 524 786 792
532 524 1028 1038
525 524 1034 1035
527 524 1047 1050
528 525 782 785
526 525 1896 1897
526 525 1918 1920
528 526 755 757
529 526 1069 1071
527 526 1844 1846
528 527 775 776
528 527 805 806
530 527 882 884
528 527 934 935
529 527 1043 1045
528 527 1195 1197
528 527 1916 1918
529 528 880 881
531 528 1041 1042
529 528 1820 1821
531 529 765 767
530 529 772 774
531 529 1887 1888
533 530 786 789
531 530 804 805
534 530 1868 1872
532 531 937 940
533 531 1873 1874
534 533 766 767
535 533 773 776
534 533 1830 1831
535 534 778 780
536 534 1863 1864
535 534 1877 1879
536 535 945 947
538 535 1069 1070
536 535 1872 1874
539 535 1899 1901
536 535 1908 1909
539 536 1066 1068
538 537 777 778
538 537 920 921
539 537 948 957
539 537 1872 1874
539 537 1890 1895
538 537 1896 1897
539 537 1902 1903
539 537 1904 1906
539 537 1907 1908
539 538 892 894
539 538 1886 1887
540 539 792 793
540 539 944 945
541 539 955 959
540 539 1287 1288
542 540 777 779
542 540 920 923
541 540 963 964
542 540 1067 1068
541 540 1872 1873
541 540 1907 1908
542 541 871 872
542 541 1793 1797
542 541 1909 1910
576 542 777 786
544 542 804 805
544 543 893 894
560 543 1064 1068
544 543 1313 1314
545 543 1318 1320
547 544 970 972
546 545 973 974
564 547 1558 1567
548 547 1830 1831
550 548 871 872
551 548 875 877
550 548 1564 1571
553 550 1548 1549
551 550 1565 1566
553 551 741 742
552 551 1595 1597
553 552 791 792
554 552 863 865
557 554 740 741
556 554 1826 1828
556 555 793 794
563 556 1536 1540
559 557 864 867
559 558 1296 1297
561 558 1541 1544
559 558 1832 1833
561 559 773 774
560 559 1859 1861
561 560 808 809
561 560 1293 1294
565 560 1709 1711
564 561 778 779
564 561 1798 1799
563 561 1896 1897
564 562 770 771
563 562 772 773
566 562 1699 1706
563 562 1792 1793
563 562 1823 1824
564 563 1816 1817
565 564 768 769
570 564 784 786
567 564 1536 1538
565 564 1539 1540
567 564 1561 1562
576 564 1563 1575
567 566 1877 1878
567 566 1894 1895
569 567 1767 1768
570 568 751 753
571 568 791 792
571 568 812 816
571 568 1538 1540
572 568 1542 1544
572 568 1688 1689
571 569 1879 1880
570 569 1881 1882
573 570 788 789
574 572 783 784
574 573 814 815
576 573 1545 1547
574 573 1839 1840
575 574 810 812
576 574 1773 1776
578 575 725 726
576 575 759 762
578 575 783 785
576 575 1273 1274
577 575 1562 1563
591 575 1568 1575
576 575 1842 1843
578 576 791 792
577 576 1839 1840
582 577 777 778
578 577 1551 1552
579 577 1559 1561
580 578 747 749
581 579 799 800
581 580 780 781
590 580 1560 1567
582 581 818 819
582 581 1566 1567
582 581 1767 1768
582 581 1823 1824
583 582 726 727
583 582 743 744
583 582 1599 1600
583 582 1772 1773
585 583 759 761
584 583 782 783
586 583 784 785
584 583 1609 1610
585 584 766 767
586 584 790 792
585 584 1575 1576
587 586 801 803
588 586 804 806
587 586 1739 1740
587 586 1751 1754
590 587 782 784
589 587 1342 1343
588 587 1813 1814
589 588 779 780
591 588 789 790
589 588 1811 1812
591 589 632 634
592 589 801 805
592 589 813 815
590 589 1247 1248
595 589 1560 1565
591 589 1575 1576
590 589 1741 1742
593 590 695 699
591 590 758 759
591 590 1558 1559
593 591 780 781
593 592 815 816
593 592 1358 1359
594 592 1717 1720
593 592 1731 1732
597 593 783 786
594 593 788 789
594 593 1354 1355
594 593 1540 1541
596 593 1548 1552
595 593 1554 1556
594 593 1915 1916
597 594 779 780
597 594 810 813
595 594 1356 1358
598 594 1558 1561
595 594 1917 1918
596 595 755 758
596 595 761 764
598 595 767 769
598 595 1566 1569
597 596 790 791
598 596 1286 1288
598 596 1331 1333
597 596 1531 1532
664 596 1514 1569
598 596 1563 1564
598 596 1912 1915
598 597 755 765
598 597 787 789
601 597 1289 1297
601 597 1554 1559
599 597 1917 1920
601 598 777 779
601 598 812 814
600 598 1530 1532
602 599 743 747
601 599 804 805
600 599 1331 1333
617 599 1560 1571
600 599 1708 1709
600 599 1755 1756
600 599 1859 1861
601 599 1913 1915
601 600 249 250
603 600 751 764
601 600 801 802
601 600 1285 1287
602 600 1317 1319
603 600 1574 1577
601 600 1662 1663
602 601 788 789
602 601 1315 1316
603 601 1861 1864
604 602 252 253
603 602 806 807
606 602 814 815
605 602 1559 1561
603 602 1878 1879
614 603 772 779
604 603 816 817
604 603 1322 1323
604 603 1696 1697
604 603 1913 1914
604 603 1918 1920
605 604 760 764
606 605 1314 1315
606 605 1322 1323
606 605 1365 1366
606 605 1574 1575
606 605 1874 1876
607 605 1878 1879
607 606 250 251
609 606 752 759
608 606 774 776
607 606 784 785
607 606 809 810
609 606 1325 1331
607 606 1576 1577
607 606 1869 1870
607 606 1901 1902
609 607 818 819
608 607 1313 1316
611 607 1321 1324
612 607 1555 1561
608 607 1571 1572
608 607 1741 1742
608 607 1859 1860
608 607 1896 1897
609 607 1914 1917
609 608 785 786
609 608 808 809
610 608 1573 1574
611 608 1577 1578
610 608 1687 1689
609 608 1691 1692
609 608 1881 1882
611 609 789 790
610 609 797 799
610 609 1866 1869
611 610 729 730
619 610 783 789
611 610 1261 1262
612 610 1333 1335
611 610 1575 1576
612 610 1842 1844
611 610 1883 1884
611 610 1891 1894
611 610 1901 1902
614 610 1903 1910
612 611 251 252
613 611 752 759
612 611 761 764
612 611 787 788
612 611 803 804
614 611 810 816
612 611 1326 1327
620 611 1550 1556
612 611 1566 1567
622 611 1572 1575
613 611 1885 1887
612 611 1917 1918
613 612 769 771
616 612 789 792
613 612 1659 1660
613 612 1766 1767
613 612 1896 1897
615 613 257 258
614 613 751 752
614 613 803 805
614 613 1331 1332
616 613 1568 1569
624 613 1576 1578
614 613 1867 1868
615 613 1871 1873
615 614 255 256
615 614 772 773
615 614 1557 1558
617 614 1559 1561
616 614 1656 1657
615 614 1882 1883
619 615 751 753
616 615 775 776
616 615 1817 1819
616 615 1856 1857
617 616 1271 1272
617 616 1346 1347
618 616 1359 1361
618 616 1367 1369
617 616 1715 1716
618 617 802 803
620 617 805 808
618 617 1348 1350
618 617 1371 1372
619 617 1566 1567
622 617 1568 1570
620 617 1571 1573
618 617 1647 1648
619 617 1713 1714
618 617 1717 1718
619 617 1785 1786
619 617 1884 1887
619 618 758 760
624 618 766 769
619 618 791 792
622 618 1346 1350
619 618 1351 1352
619 618 1599 1600
620 618 1696 1697
619 618 1702 1703
620 619 632 633
622 620 800 803
621 620 1265 1266
621 620 1271 1272
621 620 1565 1566
621 620 1640 1641
621 620 1648 1651
622 620 1652 1656
621 620 1715 1716
621 620 1784 1786
621 620 1788 1789
621 620 1790 1791
621 620 1798 1799
623 620 1879 1883
622 621 752 754
623 621 1698 1701
623 622 749 750
623 622 773 774
623 622 1259 1260
623 622 1308 1309
623 622 1579 1580
623 622 1644 1646
623 622 1657 1658
624 622 1726 1728
623 622 1786 1787
624 622 1861 1863
625 623 814 815
624 623 1316 1317
624 623 1319 1320
624 623 1356 1358
624 623 1359 1360
624 623 1535 1536
624 623 1597 1598
624 623 1888 1890
625 624 755 757
626 624 1266 1269
625 624 1603 1605
625 624 1689 1690
625 624 1782 1783
627 625 761 765
626 625 766 769
626 625 787 788
627 625 811 812
627 625 1365 1366
628 625 1629 1633
627 626 755 757
627 626 772 775
649 626 1567 1578
630 626 1578 1580
628 627 766 767
639 627 791 794
628 627 1354 1355
629 627 1361 1364
628 627 1638 1639
629 628 1365 1366
630 628 1630 1632
629 628 1646 1647
631 629 759 761
630 629 1534 1535
630 629 1593 1594
630 629 1624 1626
631 629 1634 1637
630 629 1642 1644
630 629 1819 1820
631 630 768 769
632 630 815 817
632 630 1354 1356
631 630 1573 1574
631 630 1693 1694
634 631 1264 1266
632 631 1360 1361
632 631 1383 1384
632 631 1842 1843
636 632 770 771
636 632 773 774
633 632 1559 1560
633 632 1614 1615
633 632 1716 1717
633 632 1751 1753
633 632 1807 1808
634 633 794 795
638 633 816 821
635 633 1360 1361
634 633 1734 1735
635 633 1810 1813
635 633 1856 1857
637 634 766 769
635 634 804 805
635 634 821 822
635 634 1267 1268
635 634 1358 1359
637 634 1529 1530
635 634 1604 1605
635 634 1622 1623
637 634 1750 1754
635 634 1755 1756
637 635 796 797
637 635 1297 1298
638 635 1601 1604
636 635 1606 1608
637 635 1880 1881
638 636 266 267
638 636 822 823
638 636 1365 1366
637 636 1582 1583
637 636 1707 1712
640 637 1353 1357
638 637 1862 1863
639 638 1580 1581
639 638 1718 1720
641 639 1515 1516
640 639 1801 1803
640 639 1868 1869
641 640 1558 1559
642 640 1896 1897
642 641 821 822
644 641 1093 1095
643 641 1253 1255
646 641 1360 1363
646 641 1555 1561
644 641 1566 1568
642 641 1577 1578
642 641 1598 1600
643 641 1722 1723
642 641 1891 1892
647 642 791 794
645 642 797 798
643 642 1531 1532
643 642 1698 1701
643 642 1889 1890
645 642 1893 1894
645 643 1375 1377
644 643 1572 1573
646 644 271 272
646 644 821 822
645 644 1243 1244
646 644 1254 1255
645 644 1521 1522
645 644 1527 1528
651 644 1529 1535
646 644 1639 1644
645 644 1760 1761
645 644 1856 1857
646 644 1888 1891
646 645 816 817
646 645 819 820
647 645 1577 1578
646 645 1698 1700
646 645 1870 1871
647 646 864 865
647 646 872 873
648 646 1516 1518
648 646 1534 1535
649 646 1553 1555
647 646 1594 1596
648 647 761 762
648 647 816 817
648 647 821 822
648 647 1520 1521
665 647 1521 1532
648 647 1613 1614
649 647 1864 1866
648 647 1907 1908
649 648 310 311
649 648 793 794
649 648 875 876
649 648 1638 1639
649 648 1674 1676
649 648 1748 1749
651 648 1810 1814
649 648 1832 1833
650 648 1837 1838
650 649 1536 1537
650 649 1619 1622
651 649 1800 1802
651 649 1912 1914
651 650 279 280
651 650 799 800
652 650 943 944
657 650 1097 1100
651 650 1264 1265
652 650 1528 1529
653 650 1537 1541
654 650 1558 1560
651 650 1562 1564
651 650 1896 1897
656 651 792 794
652 651 879 880
652 651 1622 1623
652 651 1626 1627
652 651 1735 1736
653 652 283 284
653 652 1534 1535
653 652 1562 1563
654 652 1799 1801
653 652 1915 1916
654 652 1918 1920
655 653 1529 1531
654 653 1618 1621
655 653 1730 1733
654 653 1742 1744
654 653 1747 1748
654 653 1896 1897
657 654 762 764
656 654 775 776
655 654 1356 1357
658 654 1372 1374
655 654 1570 1571
655 654 1750 1751
657 655 819 821
656 655 860 861
656 655 939 940
656 655 941 942
656 655 1535 1536
656 655 1555 1556
656 655 1557 1558
659 655 1637 1639
656 655 1743 1744
657 656 1358 1359
658 656 1712 1713
657 656 1816 1817
658 657 807 808
659 657 882 883
659 657 937 938
658 657 1533 1534
661 657 1552 1554
659 657 1555 1556
658 657 1830 1831
661 658 810 812
659 658 1355 1356
659 658 1357 1358
663 658 1532 1539
662 658 1557 1559
660 658 1819 1820
660 659 1725 1726
661 660 1600 1601
663 660 1618 1622
661 660 1723 1724
662 661 815 816
663 661 1358 1360
662 661 1540 1541
663 661 1808 1817
662 661 1824 1826
663 662 767 768
664 662 817 820
663 662 889 891
669 662 1100 1104
664 662 1529 1530
664 662 1550 1552
663 662 1672 1673
663 662 1690 1691
663 662 1801 1802
664 663 887 888
670 663 1525 1533
664 663 1538 1539
664 663 1584 1585
664 663 1620 1621
665 663 1754 1757
668 664 1544 1545
666 665 798 799
666 665 818 819
666 665 1346 1347
671 666 1328 1330
667 666 1524 1525
670 667 1522 1523
668 667 1887 1888
669 668 775 776
669 668 927 928
669 668 1550 1551
671 668 1586 1589
670 668 1590 1592
670 669 794 796
670 669 816 818
671 669 881 882
671 669 885 886
670 669 1912 1913
671 670 767 770
671 670 775 777
672 670 1524 1525
671 670 1572 1573
673 671 816 817
672 671 915 916
674 671 1529 1530
673 671 1548 1549
672 671 1677 1678
673 672 798 799
673 672 883 885
677 672 1103 1106
676 672 1561 1568
673 672 1918 1920
675 673 1552 1554
674 673 1558 1559
675 673 1573 1574
674 673 1578 1579
674 673 1580 1581
675 674 775 776
675 674 1255 1256
675 674 1809 1810
679 675 795 798
676 675 1523 1524
692 675 1539 1552
676 675 1914 1915
686 676 1107 1109
677 676 1549 1550
679 676 1553 1558
682 676 1558 1563
680 676 1569 1573
677 676 1810 1811
679 677 793 794
678 677 1766 1767
679 677 1915 1918
679 678 911 913
679 678 1068 1069
679 678 1379 1380
679 678 1536 1537
679 678 1576 1577
679 678 1883 1884
680 679 903 904
680 679 1111 1112
681 679 1529 1531
682 679 1540 1542
680 679 1573 1574
680 679 1765 1767
680 679 1787 1788
682 680 942 943
681 680 1343 1344
682 680 1555 1557
684 680 1563 1565
682 681 900 903
683 681 930 933
682 681 1105 1106
687 681 1110 1111
699 681 1526 1537
684 682 905 910
686 682 1339 1344
684 682 1529 1530
684 682 1864 1872
685 683 799 800
685 683 807 808
685 683 893 894
684 683 1560 1562
686 683 1573 1574
685 684 924 925
685 684 926 927
685 684 1072 1073
685 684 1571 1572
686 685 792 793
686 685 1739 1740
686 685 1742 1743
687 686 796 798
687 686 1524 1525
693 686 1551 1558
689 687 1718 1719
689 688 786 787
690 688 788 789
691 688 1053 1055
700 688 1109 1113
689 688 1565 1567
689 688 1778 1779
693 689 799 801
691 689 1712 1713
691 689 1752 1753
691 689 1805 1806
693 689 1827 1830
693 690 1547 1549
704 690 1567 1571
693 691 806 807
693 692 786 788
694 692 1557 1558
694 692 1757 1758
693 692 1800 1801
694 692 1823 1825
694 693 789 790
694 693 1536 1537
767 693 1509 1554
696 693 1545 1546
695 693 1559 1560
695 694 787 788
695 694 800 801
696 694 1554 1556
695 694 1573 1574
695 694 1752 1753
696 695 1641 1643
696 695 1795 1796
702 696 1524 1526
697 696 1529 1530
698 696 1535 1537
698 696 1557 1559
697 696 1571 1573
698 697 1532 1533
699 697 1822 1823
700 698 791 792
700 698 1571 1573
717 699 1553 1560
700 699 1830 1831
701 700 1548 1549
701 700 1820 1821
702 700 1822 1823
705 701 1559 1561
703 702 806 807
709 702 1111 1115
703 702 1754 1755
703 702 1758 1759
707 703 810 811
704 703 1526 1527
705 703 1528 1530
706 704 658 659
708 705 806 807
709 705 1526 1530
707 705 1561 1562
707 706 1056 1057
707 706 1563 1564
708 707 1685 1686
710 709 1563 1564
710 709 1566 1567
710 709 1912 1913
713 712 1662 1663
713 712 1875 1877
714 713 1071 1072
718 713 1561 1563
718 714 1298 1301
715 714 1879 1880
716 715 1542 1543
717 715 1544 1545
716 715 1895 1896
718 717 1866 1869
720 718 1550 1551
720 719 1845 1847
720 719 1870 1871
720 719 1897 1899
725 721 1550 1551
722 721 1840 1842
723 722 1560 1561
727 724 1560 1562
727 725 1575 1576
727 726 670 671
727 726 1325 1326
731 726 1560 1563
728 727 1541 1543
728 727 1904 1905
728 727 1913 1914
729 728 1325 1326
736 730 1117 1119
732 731 1540 1541
733 731 1552 1553
732 731 1810 1811
733 732 1547 1548
733 732 1549 1551
737 732 1560 1563
734 732 1807 1808
735 733 1518 1520
739 733 1531 1535
736 734 1544 1545
738 734 1563 1565
735 734 1884 1885
740 735 1551 1553
737 736 1258 1261
738 736 1557 1558
737 736 1822 1823
738 737 1262 1263
740 739 1543 1544
744 740 1534 1537
741 740 1550 1551
742 740 1563 1564
742 740 1689 1691
742 740 1820 1822
742 741 1547 1548
742 741 1567 1568
744 743 1747 1748
744 743 1779 1781
744 743 1918 1920
746 744 1546 1549
745 744 1695 1697
745 744 1742 1743
750 745 1525 1527
747 745 1535 1539
748 746 1544 1546
747 746 1857 1858
753 747 1119 1121
748 747 1739 1740
750 748 1529 1530
750 748 1531 1532
752 748 1533 1537
751 749 344 345
750 749 1712 1713
750 749 1856 1857
751 750 1527 1528
751 750 1544 1546
751 750 1569 1571
751 750 1770 1772
753 751 1538 1541
755 751 1556 1558
752 751 1712 1713
753 752 1527 1528
753 752 1829 1830
754 753 1502 1503
754 753 1534 1535
754 753 1912 1913
760 754 1119 1122
755 754 1712 1713
760 755 1823 1827
756 755 1916 1917
759 756 1534 1536
757 756 1717 1719
758 757 1531 1532
759 757 1550 1552
791 758 1489 1516
759 758 1524 1525
759 758 1702 1703
762 759 1119 1120
762 759 1529 1531
761 759 1567 1568
764 760 1504 1508
763 760 1521 1527
763 760 1544 1546
761 760 1549 1550
761 760 1721 1722
761 760 1725 1726
762 761 1670 1671
763 762 1520 1521
763 762 1528 1529
763 762 1548 1549
768 764 1519 1526
765 764 1846 1847
765 764 1918 1920
769 765 1533 1535
767 765 1569 1571
766 765 1712 1713
767 765 1737 1738
769 766 1121 1123
768 767 1510 1511
768 767 1775 1776
769 768 1602 1603
769 768 1679 1680
770 769 1614 1615
772 770 1499 1501
771 770 1677 1679
771 770 1832 1833
771 770 1835 1836
771 770 1837 1839
772 771 1122 1123
787 772 1506 1514
773 772 1566 1567
776 773 711 713
775 773 1534 1535
774 773 1663 1664
774 773 1678 1679
775 774 714 716
775 774 1563 1564
777 775 1515 1516
777 775 1518 1519
776 775 1565 1566
777 775 1885 1887
777 776 707 708
787 776 1088 1091
778 776 1615 1616
778 776 1837 1839
782 778 709 712
780 778 1751 1754
782 779 1560 1562
783 779 1565 1568
781 780 1091 1092
781 780 1515 1516
781 780 1616 1617
781 780 1632 1633
782 781 1538 1539
783 781 1540 1541
782 781 1635 1636
783 781 1885 1888
784 782 1093 1095
784 782 1622 1623
784 783 1086 1087
784 783 1615 1616
784 783 1620 1621
784 783 1703 1706
784 783 1918 1920
785 784 1240 1241
788 784 1558 1561
786 785 1501 1502
787 785 1511 1512
786 785 1696 1697
787 786 1488 1489
791 787 1501 1506
789 788 1499 1500
792 789 1486 1487
791 789 1509 1511
790 789 1696 1697
884 791 1418 1497
793 791 1511 1512
792 791 1531 1532
792 791 1586 1587
792 791 1601 1602
792 791 1830 1831
793 792 1491 1492
799 792 1496 1502
793 792 1624 1625
793 792 1745 1746
798 793 1477 1481
796 793 1504 1508
794 793 1627 1629
795 794 1559 1560
795 794 1824 1825
797 796 1823 1826
799 797 917 919
798 797 1627 1629
799 798 1624 1625
800 798 1864 1865
799 798 1918 1920
800 799 915 917
800 799 1535 1536
802 800 1775 1777
802 801 1896 1897
803 802 1500 1501
805 802 1518 1520
803 802 1627 1628
806 804 1900 1904
806 805 1501 1502
806 805 1541 1542
807 806 1910 1911
808 807 1493 1494
809 807 1810 1812
809 808 1678 1679
810 809 1494 1495
811 810 1711 1712
811 810 1861 1863
811 810 1916 1917
813 811 1799 1800
814 812 1814 1816
813 812 1862 1864
814 813 1492 1493
814 813 1916 1920
817 814 1487 1489
815 814 1859 1863
817 815 1490 1491
816 815 1849 1850
817 816 1498 1499
818 816 1688 1691
817 816 1900 1902
817 816 1907 1908
818 817 1502 1503
818 817 1806 1807
818 817 1838 1839
818 817 1897 1899
823 817 1905 1912
819 818 1671 1672
820 819 1474 1475
822 819 1903 1905
822 821 1897 1898
823 821 1900 1902
824 822 1190 1191
824 822 1486 1488
823 822 1692 1693
825 824 1871 1872
826 825 1774 1775
826 825 1822 1823
828 826 1744 1747
827 826 1859 1860
827 826 1861 1863
830 827 1484 1487
828 827 1734 1735
829 828 1466 1467
829 828 1568 1569
829 828 1856 1858
829 828 1860 1861
831 829 1481 1483
830 829 1774 1775
830 829 1886 1887
830 829 1913 1914
831 830 1077 1078
831 830 1446 1447
832 830 1466 1468
831 830 1896 1897
831 830 1915 1916
832 831 1479 1480
832 831 1849 1850
833 832 769 770
833 832 773 774
833 832 953 954
834 832 1099 1100
836 832 1462 1466
833 832 1853 1856
833 832 1861 1862
839 833 1516 1518
834 833 1787 1788
837 834 948 950
839 834 1509 1516
835 834 1694 1695
839 834 1918 1920
836 835 1087 1088
838 835 1786 1788
837 835 1810 1812
836 835 1914 1916
838 836 952 954
837 836 955 956
837 836 1441 1442
838 836 1688 1689
839 836 1814 1820
842 836 1902 1912
841 837 1091 1099
838 837 1462 1463
838 837 1807 1808
841 838 1070 1072
839 838 1539 1540
839 838 1835 1837
839 838 1840 1841
845 839 1456 1462
840 839 1500 1501
840 839 1719 1720
840 839 1753 1755
841 840 1075 1077
853 840 1059 1093
841 840 1460 1461
841 840 1811 1812
842 841 1809 1810
847 841 1890 1896
843 842 1075 1077
845 843 1499 1500
844 843 1501 1502
844 843 1727 1728
845 843 1897 1901
845 844 1073 1076
845 844 1078 1079
845 844 1454 1455
845 844 1497 1498
846 845 1065 1067
846 845 1474 1475
846 845 1880 1881
847 845 1918 1920
847 846 1476 1477
847 846 1496 1497
849 846 1907 1911
848 847 1877 1878
848 847 1904 1905
849 848 1499 1500
851 848 1821 1823
850 848 1870 1874
850 849 1049 1050
850 849 1061 1062
851 849 1918 1920
852 850 1443 1444
851 850 1445 1446
851 850 1483 1487
852 850 1860 1868
851 850 1889 1895
851 850 1903 1905
851 850 1910 1914
853 851 1496 1497
852 851 1897 1899
853 852 1049 1050
854 852 1051 1054
853 852 1055 1058
853 852 1589 1591
854 852 1821 1823
854 852 1854 1860
853 852 1915 1916
858 853 1038 1048
854 853 1462 1463
856 853 1466 1467
854 853 1918 1920
855 854 1439 1440
855 854 1441 1442
856 854 1761 1763
855 854 1777 1778
855 854 1850 1852
855 854 1856 1857
856 855 1475 1476
857 855 1841 1842
858 855 1845 1849
856 855 1875 1876
858 855 1883 1886
857 856 1666 1669
857 856 1836 1837
858 857 1770 1771
858 857 1862 1863
859 858 931 932
859 858 933 934
859 858 1436 1438
860 858 1790 1791
859 858 1832 1834
859 858 1835 1837
859 858 1888 1891
860 859 929 930
860 859 1788 1789
860 859 1818 1819
861 859 1828 1830
860 859 1863 1865
862 860 1436 1439
861 860 1832 1834
861 860 1835 1837
863 860 1858 1861
862 861 931 932
862 861 935 936
862 861 1815 1817
862 861 1820 1824
863 862 334 335
864 862 1545 1550
864 863 925 926
864 863 1561 1563
864 863 1825 1827
871 864 1450 1455
867 864 1809 1818
866 865 949 950
866 865 1416 1417
866 865 1630 1631
866 865 1833 1834
866 865 1835 1836
869 866 1824 1829
868 867 947 949
868 867 957 958
868 867 1833 1839
871 868 899 900
869 868 920 921
872 868 1416 1420
873 868 1811 1817
870 869 947 948
871 869 1411 1415
870 869 1819 1820
870 869 1831 1833
871 869 1835 1836
870 869 1838 1840
871 870 951 953
872 870 958 960
873 870 1789 1793
873 871 1696 1699
872 871 1798 1799
872 871 1823 1824
873 872 898 899
873 872 918 919
873 872 1793 1796
873 872 1819 1821
874 873 957 959
874 873 965 966
874 873 1815 1817
876 874 1411 1413
902 874 1394 1418
875 874 1446 1447
876 874 1558 1559
875 874 1698 1699
875 874 1784 1785
875 874 1790 1792
875 874 1805 1808
876 875 1016 1018
876 875 1683 1684
878 875 1795 1798
876 875 1812 1813
878 876 1405 1406
878 876 1790 1793
877 876 1822 1824
879 877 957 959
878 877 1453 1455
878 877 1687 1688
878 877 1768 1775
880 877 1783 1789
880 879 965 966
880 879 1007 1008
881 879 1441 1443
881 879 1768 1772
880 879 1799 1801
881 880 967 968
881 880 1404 1405
881 880 1445 1446
881 880 1734 1735
881 880 1790 1791
881 880 1793 1797
882 881 1006 1007
883 881 1022 1024
888 881 1430 1437
882 881 1453 1454
882 881 1756 1757
882 881 1784 1785
883 882 976 978
883 882 979 982
883 882 1401 1402
883 882 1451 1452
884 882 1769 1772
883 882 1787 1788
884 882 1789 1791
884 883 1449 1450
884 883 1727 1728
885 883 1753 1756
884 883 1773 1775
886 884 1033 1034
886 884 1045 1049
894 884 1409 1422
885 884 1453 1454
885 884 1736 1737
885 884 1740 1744
886 885 1768 1770
886 885 1771 1773
887 886 1000 1001
887 886 1006 1007
895 886 1419 1428
887 886 1736 1740
888 887 1047 1048
888 887 1051 1052
901 887 1380 1396
890 887 1750 1752
889 888 1720 1723
889 888 1727 1729
890 888 1731 1736
890 888 1739 1742
889 888 1763 1764
891 889 1737 1738
890 889 1760 1762
891 890 1670 1671
891 890 1745 1746
891 890 1749 1750
893 891 1438 1439
892 891 1719 1720
895 891 1737 1744
892 891 1747 1748
893 892 1393 1394
893 892 1402 1403
893 892 1432 1433
895 892 1488 1489
893 892 1664 1665
893 892 1749 1750
901 894 1407 1414
895 894 1708 1710
896 895 1430 1431
899 895 1438 1444
896 895 1664 1665
912 896 1382 1396
897 896 1700 1701
897 896 1706 1707
898 896 1724 1725
899 897 1418 1420
899 897 1422 1423
898 897 1427 1428
901 898 1669 1671
900 898 1714 1717
910 899 1409 1423
900 899 1452 1453
902 899 1680 1690
905 900 1381 1385
901 900 1402 1404
918 900 1398 1410
902 901 1711 1712
903 902 1379 1380
903 902 1432 1433
903 902 1705 1706
903 902 1708 1709
907 903 1397 1402
904 903 1404 1405
904 903 1451 1452
906 903 1667 1674
904 903 1677 1679
904 903 1700 1704
905 904 1675 1676
906 904 1678 1684
905 904 1692 1695
917 905 1374 1383
907 906 1590 1591
907 906 1686 1687
907 906 1691 1695
908 907 1395 1396
908 907 1568 1572
908 907 1662 1663
911 908 1678 1686
909 908 1688 1690
910 909 1396 1397
910 909 1649 1652
910 909 1670 1672
911 910 1675 1676
911 910 1688 1689
912 911 1406 1407
912 911 1550 1551
912 911 1585 1587
913 911 1652 1655
912 911 1667 1668
912 911 1671 1672
923 912 1378 1388
913 912 1560 1561
917 912 1564 1566
913 912 1679 1680
914 913 1672 1674
915 914 1371 1372
915 914 1390 1391
916 914 1395 1396
915 914 1397 1398
915 914 1660 1662
916 915 1377 1378
917 915 1393 1394
916 915 1650 1652
916 915 1653 1655
918 916 1390 1392
917 916 1559 1561
918 917 1363 1364
918 917 1365 1366
918 917 1621 1623
918 917 1648 1650
918 917 1652 1653
920 918 1366 1371
919 918 1376 1377
920 918 1583 1584
919 918 1624 1627
925 919 1389 1403
920 919 1406 1407
920 919 1602 1604
920 919 1614 1615
920 919 1616 1621
921 919 1632 1634
920 919 1640 1641
920 919 1643 1644
920 919 1653 1655
921 920 1593 1594
922 920 1607 1612
921 920 1636 1638
921 920 1649 1652
922 921 1367 1369
923 921 1384 1386
922 921 1584 1585
922 921 1599 1600
922 921 1605 1606
922 921 1615 1618
923 922 1591 1592
923 922 1594 1595
925 922 1598 1604
923 922 1610 1613
924 922 1626 1628
923 922 1631 1636
923 922 1637 1640
923 922 1647 1649
923 922 1653 1655
925 923 1381 1382
926 924 1385 1389
926 924 1589 1592
925 924 1593 1595
926 924 1607 1609
925 924 1622 1623
925 924 1634 1636
926 925 1383 1384
926 925 1596 1597
926 925 1614 1619
929 926 1385 1389
930 926 1392 1395
927 926 1594 1595
928 927 1398 1399
928 927 1582 1587
928 927 1612 1613
929 928 1531 1533
929 928 1577 1581
930 929 1602 1606
931 930 1549 1550
937 931 1347 1352
932 931 1391 1392
932 931 1528 1529
933 931 1535 1536
934 931 1585 1590
936 932 1577 1581
933 932 1602 1605
934 933 1392 1393
934 933 1394 1395
934 933 1504 1505
934 933 1525 1527
935 933 1599 1601
935 934 1531 1534
936 934 1551 1553
935 934 1583 1584
936 935 1545 1546
936 935 1555 1556
936 935 1589 1590
936 935 1593 1595
937 936 1547 1548
938 937 1538 1541
943 938 1350 1352
940 939 1536 1537
952 942 1348 1363
943 942 1545 1546
943 942 1550 1551
944 943 1516 1518
944 943 1540 1544
945 944 1359 1360
945 944 1473 1474
945 944 1522 1524
945 944 1547 1549
945 944 1552 1553
945 944 1558 1559
946 945 1512 1513
946 945 1520 1521
948 945 1535 1544
947 946 1359 1360
948 946 1389 1390
947 946 1522 1523
955 947 1348 1353
948 947 1475 1476
948 947 1487 1491
948 947 1492 1495
949 947 1497 1501
949 947 1510 1511
948 947 1520 1521
948 947 1533 1534
951 948 1535 1539
949 948 1543 1544
952 949 1353 1355
950 949 1487 1488
950 949 1490 1492
950 949 1493 1495
950 949 1520 1521
951 950 1473 1474
951 950 1484 1486
951 950 1505 1506
969 951 1278 1290
960 951 1300 1309
952 951 1493 1494
954 952 1293 1296
954 952 1334 1335
953 952 1336 1338
955 952 1354 1360
953 952 1489 1492
953 952 1511 1513
953 952 1517 1520
956 953 1291 1292
959 954 1337 1339
955 954 1361 1363
955 954 1476 1478
956 954 1499 1500
955 954 1512 1517
958 956 1353 1357
957 956 1362 1363
970 956 1374 1383
960 957 1489 1492
960 958 1330 1332
961 958 1391 1393
959 958 1396 1397
959 958 1408 1409
959 958 1455 1458
959 958 1462 1464
960 958 1493 1496
960 959 1264 1265
965 959 1264 1276
960 959 1271 1272
976 959 1286 1317
961 959 1297 1298
964 959 1356 1360
960 959 1359 1360
960 959 1446 1448
960 959 1452 1453
960 959 1476 1477
961 960 1333 1334
961 960 1338 1339
961 960 1432 1433
961 960 1442 1445
962 960 1449 1451
962 961 566 568
965 961 1258 1260
963 961 1330 1331
965 961 1333 1337
962 961 1359 1360
962 961 1372 1374
962 961 1397 1398
962 961 1467 1469
962 961 1479 1481
963 962 1277 1278
963 962 1288 1289
964 962 1390 1391
963 962 1394 1395
963 962 1440 1448
963 962 1470 1472
963 962 1476 1477
965 964 567 568
965 964 1276 1278
965 964 1318 1319
968 964 1352 1356
967 964 1395 1398
966 964 1432 1437
965 964 1440 1441
966 965 1309 1310
969 965 1340 1342
966 965 1370 1372
966 965 1410 1411
967 965 1426 1428
968 965 1454 1456
966 965 1462 1465
968 966 1260 1264
968 966 1270 1272
971 966 1273 1280
967 966 1285 1287
967 966 1331 1334
967 966 1384 1386
967 966 1467 1469
968 967 1258 1259
969 967 1268 1269
978 967 1319 1332
968 967 1344 1345
970 967 1372 1375
968 967 1419 1420
968 967 1430 1432
968 967 1448 1449
968 967 1457 1458
969 968 1265 1267
971 968 1385 1387
970 968 1438 1440
969 968 1443 1445
969 968 1450 1452
972 969 1262 1265
971 969 1270 1272
970 969 1284 1285
974 969 1342 1347
970 969 1456 1457
976 970 1333 1342
980 970 1368 1375
971 970 1407 1410
971 970 1416 1417
972 970 1443 1449
972 971 1249 1250
972 971 1254 1257
974 971 1271 1273
978 971 1286 1290
972 971 1434 1437
975 972 576 580
976 972 1280 1286
974 973 1243 1244
975 973 1245 1249
974 973 1265 1266
974 973 1278 1279
974 973 1309 1311
974 973 1316 1317
974 973 1425 1426
974 973 1431 1433
975 974 580 581
978 974 1268 1270
976 974 1389 1391
975 974 1408 1409
976 974 1413 1414
979 975 576 579
978 975 1252 1257
976 975 1264 1265
976 975 1313 1314
978 976 1232 1235
978 976 1240 1242
978 976 1247 1251
977 976 1262 1263
978 976 1271 1273
979 976 1326 1327
983 976 1328 1334
978 976 1368 1369
977 976 1380 1381
978 977 1244 1245
979 977 1275 1278
978 977 1338 1339
979 978 1404 1406
981 979 1239 1241
983 979 1243 1248
982 979 1285 1288
983 979 1334 1337
980 979 1402 1403
982 980 1249 1250
981 980 1262 1264
982 980 1267 1272
981 980 1396 1397
988 981 1254 1257
982 981 1273 1274
984 981 1276 1281
983 981 1324 1326
982 981 1366 1368
982 981 1392 1393
984 982 1234 1236
983 982 1345 1346
983 982 1360 1362
984 983 1219 1220
985 983 1221 1223
984 983 1251 1252
984 983 1269 1270
986 984 1232 1235
986 984 1247 1249
985 984 1321 1323
987 985 1211 1214
987 985 1228 1231
986 985 1252 1253
991 985 1269 1272
987 986 1219 1221
988 986 1280 1281
990 987 1208 1211
988 987 1222 1223
991 987 1225 1227
993 987 1246 1249
988 987 1263 1264
991 987 1265 1266
988 987 1306 1307
989 988 1217 1218
989 988 1267 1268
989 988 1322 1324
990 989 1230 1234
990 989 1254 1256
990 989 1311 1312
991 990 1281 1282
991 990 1283 1284
991 990 1296 1297
996 991 1195 1201
994 991 1216 1222
995 991 1228 1234
993 991 1235 1237
993 991 1275 1279
996 992 1183 1186
993 992 1187 1189
993 992 1290 1291
996 992 1303 1306
996 994 1205 1208
995 994 1221 1223
997 994 1232 1235
996 994 1271 1275
999 995 1187 1190
996 995 1310 1311
997 996 1181 1182
997 996 1228 1229
997 996 1289 1291
1002 997 1191 1196
998 997 1197 1198
999 997 1201 1204
998 997 1206 1208
998 997 1231 1232
998 997 1282 1283
998 997 1304 1305
1006 998 1165 1180
999 998 1195 1196
999 998 1214 1216
1000 998 1220 1222
999 998 1228 1229
1000 998 1233 1235
999 998 1236 1237
1003 998 1271 1275
999 998 1293 1294
1000 999 1206 1208
1000 999 1242 1243
1001 999 1257 1259
1001 1000 1210 1212
1001 1000 1267 1269
1001 1000 1284 1285
1001 1000 1287 1288
1002 1000 1307 1311
1002 1001 1163 1164
1002 1001 1278 1280
1003 1002 1159 1160
1009 1002 1184 1199
1003 1002 1231 1232
1003 1002 1256 1257
1005 1002 1294 1302
1004 1003 1163 1164
1004 1003 1225 1226
1012 1004 1146 1155
1006 1004 1154 1157
1006 1004 1159 1162
1006 1004 1171 1175
1005 1004 1180 1181
1005 1004 1240 1241
1007 1005 1189 1190
1006 1005 1224 1225
1007 1005 1227 1230
1006 1005 1262 1264
1006 1005 1272 1273
1012 1005 1275 1289
1010 1006 1244 1248
1009 1007 1139 1142
1009 1007 1157 1159
1013 1008 1201 1204
1009 1008 1222 1223
1011 1008 1239 1244
1010 1008 1268 1270
1015 1010 1145 1150
1012 1011 1134 1135
1012 1011 1247 1248
1012 1011 1263 1264
1012 1011 1269 1274
1013 1012 1119 1120
1013 1012 1158 1159
1013 1012 1199 1201
1015 1014 1145 1147
1015 1014 1206 1207
1016 1014 1252 1255
1016 1014 1256 1262
1016 1015 1118 1119
1018 1015 1137 1141
1025 1015 1231 1247
1019 1016 1111 1114
1017 1016 1142 1144
1018 1016 1212 1217
1017 1016 1219 1221
1017 1016 1222 1224
1018 1017 1100 1102
1018 1017 1119 1120
1019 1017 1184 1185
1019 1017 1245 1253
1018 1017 1254 1256
1020 1018 1208 1211
1019 1018 1217 1218
1019 1018 1227 1228
1023 1019 1097 1102
1020 1019 1117 1118
1020 1019 1123 1124
1021 1020 1115 1116
1021 1020 1213 1216
1026 1020 1225 1231
1022 1021 1110 1111
1022 1021 1119 1120
1022 1021 1127 1129
1022 1021 1242 1243
1023 1022 1114 1118
1027 1022 1208 1220
1024 1023 1104 1106
1024 1023 1195 1198
1027 1023 1200 1203
1026 1023 1221 1225
1025 1023 1226 1228
1025 1024 1094 1095
1026 1024 1099 1101
1025 1024 1188 1190
1025 1024 1191 1192
1026 1025 1198 1199
1028 1026 1090 1096
1028 1026 1122 1124
1028 1026 1206 1208
1030 1027 1177 1179
1029 1027 1182 1185
1028 1027 1209 1211
1029 1028 1198 1199
1031 1029 1088 1089
1030 1029 1171 1176
1031 1030 1073 1074
1031 1030 1116 1117
1031 1030 1182 1183
1031 1030 1189 1190
1031 1030 1192 1194
1033 1031 1160 1164
1032 1031 1165 1166
1032 1031 1169 1170
1033 1032 1181 1182
1033 1032 1183 1185
1034 1033 1080 1083
1034 1033 1151 1152
1035 1033 1155 1157
1038 1033 1168 1175
1035 1034 1182 1183
1036 1035 1071 1072
1036 1035 1074 1075
1037 1035 1177 1180
1037 1036 1067 1068
1037 1036 1128 1131
1037 1036 1147 1148
1038 1037 1072 1073
1038 1037 1080 1082
1038 1037 1156 1157
1038 1037 1158 1159
1042 1037 1158 1167
1040 1038 1152 1153
1040 1039 1147 1148
1040 1039 1155 1157
1041 1040 1126 1127
1043 1041 1148 1153
1043 1042 1124 1125
1043 1042 1134 1135
1043 1042 1136 1137
1043 1042 1140 1141
1044 1043 1065 1068
1044 1043 1120 1121
1047 1043 1134 1144
1045 1043 1146 1149
1047 1044 1130 1132
1047 1045 1072 1074
1047 1045 1102 1105
1047 1045 1106 1108
1047 1046 1066 1068
1051 1046 1116 1128
1048 1047 1132 1133
1050 1048 1068 1072
1049 1048 1090 1093
1051 1049 1096 1101
1051 1050 1089 1090
1052 1051 1102 1103
1053 1052 1067 1069
1053 1052 1070 1072
1053 1052 1105 1108
1053 1052 1113 1114
1062 1053 1072 1103
1056 1054 1066 1070
1056 1055 479 480
1057 1055 1075 1078
1059 1057 1066 1068
1060 1058 1072 1074
1060 1059 1076 1077
