11 0 561 571
5 0 732 733
3 0 927 932
5 0 939 942
2 1 836 841
3 2 560 561
4 2 920 921
4 3 839 840
10 4 575 580
8 5 835 840
7 5 880 881
7 6 939 941
8 7 581 582
9 8 856 857
13 9 580 586
10 9 584 585
13 10 596 597
11 10 880 881
14 11 598 599
17 13 729 730
15 14 880 881
27 15 600 612
24 15 879 884
21 18 733 734
20 18 800 804
23 19 729 730
33 20 806 822
23 22 790 791
24 23 800 801
25 24 803 805
29 25 755 767
32 28 768 782
30 29 750 751
31 30 734 735
32 30 748 750
32 31 773 775
32 31 829 830
33 31 880 881
35 32 743 745
42 33 824 831
38 36 779 780
43 36 880 882
40 37 822 824
45 39 762 768
42 39 772 778
40 39 817 818
43 41 833 842
44 42 769 771
45 44 878 880
52 51 839 840
62 61 839 840
63 62 841 842
67 66 846 847
86 85 880 881
96 95 1074 1079
97 95 1081 1089
97 95 1092 1131
97 96 1150 1159
101 100 886 887
106 103 1191 1193
108 104 1188 1191
111 110 868 869
133 132 1010 1036
143 140 724 726
141 140 865 867
143 142 873 876
149 146 870 877
150 148 726 728
177 155 969 999
157 156 883 885
160 157 882 890
161 160 900 901
163 161 730 731
164 162 882 884
165 163 903 906
165 164 895 896
169 165 897 907
169 167 893 896
175 174 888 889
179 176 733 735
183 178 736 738
179 178 891 892
185 179 897 906
183 181 888 889
186 185 893 895
187 186 896 899
188 186 900 909
189 188 885 887
192 189 885 912
198 191 1009 1014
196 194 914 916
197 196 911 912
197 196 917 918
199 198 872 873
200 199 742 743
200 199 916 918
202 200 920 923
203 201 743 744
204 203 948 949
208 204 948 951
212 206 941 947
214 207 954 957
210 209 927 928
213 212 927 928
215 214 747 748
219 214 871 872
219 215 957 959
228 218 1021 1024
273 222 956 963
225 223 870 871
225 224 867 868
228 227 763 764
232 228 736 740
236 228 760 762
231 229 762 763
230 229 764 765
232 230 870 871
232 231 765 766
235 232 766 769
235 232 769 771
235 234 720 721
236 234 870 871
237 235 757 759
239 235 772 774
237 236 710 711
237 236 713 714
239 236 719 721
242 236 769 770
240 238 709 712
239 238 722 724
240 238 760 761
243 239 703 707
240 239 715 716
240 239 754 756
242 240 870 871
244 241 705 708
245 241 761 763
250 241 1012 1016
244 243 716 717
245 244 713 714
252 246 774 775
247 246 776 777
248 247 761 762
249 247 764 765
250 248 867 868
249 248 869 870
250 249 711 712
255 253 710 711
255 254 773 774
261 258 866 867
262 259 777 779
264 262 1046 1047
265 263 1006 1008
267 265 782 783
268 266 922 933
269 267 934 943
292 268 874 921
273 269 781 782
273 269 783 784
271 269 870 871
270 269 923 925
271 270 779 780
272 270 998 1000
272 270 1059 1063
271 270 1064 1066
281 274 783 786
277 275 787 788
276 275 870 871
277 276 1106 1108
280 279 1217 1219
280 279 1227 1230
283 280 664 666
281 280 673 675
282 281 930 931
282 281 940 942
282 281 952 954
284 282 786 787
286 282 905 925
284 283 940 942
284 283 953 954
285 284 1222 1224
303 286 787 792
287 286 882 883
288 287 890 891
288 287 1227 1228
289 288 1156 1157
289 288 1284 1285
290 289 663 665
290 289 1158 1159
291 290 1156 1157
294 290 1186 1189
294 290 1367 1369
292 291 1270 1271
296 295 851 853
296 295 1164 1166
296 295 1269 1271
296 295 1337 1338
297 296 1388 1389
298 297 1175 1176
305 299 1168 1172
301 300 1175 1179
301 300 1269 1270
303 300 1388 1389
303 301 1165 1166
303 302 1250 1251
304 302 1271 1272
304 303 1049 1051
304 303 1269 1270
307 304 794 795
307 305 1264 1267
308 305 1327 1328
307 306 1179 1180
307 306 1255 1260
307 306 1376 1379
308 307 1231 1232
309 308 1257 1259
309 308 1264 1267
310 308 1295 1296
311 309 795 796
310 309 1382 1383
311 310 1196 1197
311 310 1198 1199
312 310 1258 1266
311 310 1270 1271
313 312 1178 1179
313 312 1193 1194
313 312 1256 1257
316 313 1186 1188
315 314 1194 1195
315 314 1339 1340
316 315 1196 1197
317 316 633 635
317 316 1276 1277
318 316 1335 1337
319 318 1275 1276
319 318 1371 1372
322 319 1199 1201
321 319 1205 1206
320 319 1244 1246
321 319 1407 1408
321 320 1280 1282
323 322 1279 1281
325 323 1286 1287
325 323 1346 1347
325 324 1279 1280
327 324 1342 1344
328 325 621 627
327 325 1192 1193
327 325 1350 1351
328 326 1339 1341
329 327 615 617
328 327 1194 1195
330 328 1199 1200
335 329 1033 1035
333 330 1036 1037
331 330 1040 1041
332 331 624 626
332 331 1146 1147
333 332 1043 1044
343 333 613 632
334 333 1200 1201
335 333 1261 1263
335 334 1035 1036
335 334 1352 1353
337 335 1043 1044
337 335 1045 1046
366 336 1032 1041
338 336 1036 1037
339 337 1051 1052
343 337 1053 1056
341 337 1209 1210
347 337 1258 1271
346 339 1046 1052
341 339 1243 1247
341 340 1044 1045
341 340 1052 1053
346 340 1215 1216
341 340 1270 1271
344 340 1289 1292
345 342 1030 1031
344 342 1293 1294
344 343 1225 1227
346 344 614 621
349 344 616 634
348 345 1234 1238
351 346 916 920
347 346 1041 1042
349 346 1221 1222
348 347 1154 1155
350 347 1216 1219
349 347 1243 1244
350 347 1271 1274
350 347 1295 1296
350 348 1293 1294
356 349 1041 1043
388 349 1041 1049
351 350 1220 1221
351 350 1231 1232
351 350 1234 1235
376 351 1238 1248
352 351 1252 1253
354 351 1298 1300
352 351 1335 1336
356 352 1220 1224
354 353 1063 1064
354 353 1297 1298
359 354 1053 1054
358 354 1278 1280
357 355 1064 1065
366 356 968 979
357 356 1225 1226
444 357 960 984
359 358 1227 1228
359 358 1233 1234
372 359 609 629
366 359 1050 1051
362 359 1066 1067
360 359 1242 1243
361 360 1054 1055
363 360 1228 1232
361 360 1233 1236
362 361 980 981
365 361 1052 1054
365 361 1284 1287
363 362 1233 1235
366 362 1305 1308
364 363 1241 1242
365 364 1335 1336
373 366 1041 1043
367 366 1064 1065
368 366 1066 1068
367 366 1233 1234
372 367 965 972
368 367 1310 1311
369 368 1208 1209
369 368 1304 1305
374 369 1067 1070
373 369 1235 1238
371 369 1312 1314
371 370 605 606
371 370 614 615
373 371 603 606
376 371 611 619
374 371 966 968
375 371 1065 1066
374 372 607 608
378 374 1063 1064
376 375 539 540
378 375 618 626
376 375 1047 1048
380 375 1059 1062
376 375 1295 1296
377 376 611 612
377 376 1208 1209
381 377 633 640
392 377 1240 1251
381 378 609 613
384 378 1296 1304
381 379 1407 1408
381 380 970 971
383 380 1249 1250
381 380 1319 1320
383 381 959 961
382 381 1061 1062
383 382 611 613
384 382 966 968
387 383 1058 1059
393 383 1217 1222
384 383 1298 1299
384 383 1321 1322
387 384 1215 1216
385 384 1300 1301
385 384 1350 1351
385 384 1409 1410
386 385 1266 1267
387 386 1044 1045
392 386 1276 1283
390 386 1301 1307
390 387 1045 1047
392 389 1041 1042
392 389 1307 1311
391 390 876 877
393 390 1215 1217
391 390 1355 1356
391 390 1408 1409
397 391 1045 1048
400 391 1058 1060
395 392 1039 1040
394 392 1253 1254
395 392 1276 1278
398 392 1346 1348
395 393 1351 1352
396 394 1043 1044
399 394 1218 1220
395 394 1279 1280
399 395 1209 1211
405 395 1309 1316
397 396 1270 1271
398 397 1063 1064
399 398 1057 1058
401 399 1038 1039
401 399 1256 1257
401 400 1265 1266
407 401 1039 1043
403 402 965 968
403 402 1037 1038
403 402 1265 1266
439 403 1046 1057
411 403 1256 1262
407 406 962 963
407 406 1046 1047
411 407 781 784
408 407 1042 1043
409 407 1207 1208
408 407 1262 1263
408 407 1319 1320
411 408 1315 1317
409 408 1352 1353
412 409 966 969
412 409 1265 1267
412 411 1264 1265
413 411 1345 1346
415 412 1047 1048
415 412 1343 1344
416 413 778 779
414 413 966 968
419 413 1288 1290
417 414 966 971
415 414 1051 1052
420 414 1262 1268
417 414 1318 1320
416 415 780 781
417 415 1346 1347
419 415 1350 1352
418 416 1344 1345
418 417 1227 1228
421 418 778 780
419 418 966 968
426 419 971 972
423 419 1323 1325
424 419 1347 1349
422 420 775 776
425 420 1223 1229
422 421 1265 1266
427 422 1267 1270
424 422 1320 1321
428 422 1325 1329
424 423 1307 1309
426 424 1044 1045
431 424 1273 1278
427 425 1230 1231
431 425 1289 1290
428 425 1321 1323
427 425 1349 1351
428 426 968 969
436 426 1268 1273
432 426 1291 1295
430 428 1225 1226
429 428 1234 1235
430 429 1227 1228
438 429 1326 1331
432 430 1232 1236
432 430 1284 1286
432 430 1324 1326
432 431 1045 1047
434 431 1353 1355
437 432 688 692
433 432 1227 1228
435 432 1276 1278
434 432 1351 1352
435 434 1223 1224
436 435 1280 1281
436 435 1290 1291
437 436 1040 1041
437 436 1046 1047
437 436 1229 1230
440 437 1293 1296
439 438 1235 1237
440 439 1274 1275
450 440 1329 1336
444 441 1304 1305
442 441 1328 1329
448 443 1274 1275
446 443 1276 1278
444 443 1296 1297
444 443 1362 1364
450 445 1295 1297
448 447 1278 1279
455 449 1298 1302
451 450 1277 1278
461 450 1357 1362
471 451 846 854
452 451 1330 1331
455 452 1296 1298
453 452 1302 1303
467 452 1330 1339
456 453 849 851
457 455 847 848
457 456 1328 1329
462 458 1297 1300
464 462 1286 1289
463 462 1356 1357
464 462 1358 1359
468 463 1292 1293
464 463 1303 1304
464 463 1410 1411
469 464 1282 1285
465 464 1300 1301
466 465 1303 1304
469 465 1353 1354
470 466 1286 1287
472 466 1296 1303
469 466 1355 1356
471 469 1303 1304
472 470 1333 1334
473 470 1335 1337
472 471 1235 1238
479 471 1284 1288
472 471 1306 1307
474 471 1349 1352
480 472 1294 1305
484 473 765 768
476 474 522 523
475 474 843 844
475 474 1211 1212
475 474 1335 1336
477 475 757 760
478 476 1306 1307
478 477 749 750
478 477 1039 1040
482 479 1287 1288
480 479 1319 1320
483 480 1210 1211
482 481 782 783
483 481 1295 1296
483 481 1337 1338
486 482 523 524
484 483 521 522
485 483 745 746
487 484 780 781
485 484 1212 1213
491 484 1349 1353
485 484 1407 1408
486 485 1332 1333
487 486 1336 1338
489 487 524 525
490 487 1293 1298
488 487 1306 1307
489 487 1339 1340
489 487 1404 1405
491 488 756 758
489 488 1300 1301
491 488 1327 1329
491 488 1335 1339
495 489 759 762
495 489 1210 1211
490 489 1305 1306
490 489 1332 1333
491 489 1355 1356
491 490 1234 1235
492 490 1403 1404
493 491 1055 1057
492 491 1331 1332
494 491 1334 1335
505 491 1353 1365
495 492 757 758
493 492 1015 1016
493 492 1216 1218
501 492 1288 1292
493 492 1340 1343
494 493 1230 1234
496 493 1297 1301
495 493 1311 1313
498 494 1227 1234
496 495 742 746
496 495 750 752
496 495 753 756
497 495 1222 1224
498 495 1331 1333
497 496 1070 1071
497 496 1359 1360
499 497 1047 1048
502 497 1294 1297
499 498 747 748
499 498 1059 1060
502 498 1215 1217
502 499 765 767
500 499 1232 1233
503 500 1054 1056
503 500 1218 1222
501 500 1308 1309
501 500 1326 1328
502 500 1373 1377
503 501 1331 1332
503 502 1064 1066
503 502 1314 1318
503 502 1322 1323
504 503 748 749
505 503 758 760
504 503 1320 1321
504 503 1375 1376
505 504 743 744
506 504 1212 1214
506 504 1294 1296
507 504 1301 1305
505 504 1305 1306
505 504 1307 1310
505 504 1312 1319
509 505 1208 1209
507 505 1396 1398
509 506 1210 1211
507 506 1225 1227
508 507 1230 1232
521 508 1209 1219
520 510 1218 1227
514 510 1298 1302
516 511 1227 1230
515 512 1305 1307
515 512 1398 1400
521 513 1302 1304
517 515 1295 1296
534 516 845 849
520 516 1295 1300
530 516 1400 1404
519 517 1327 1328
520 518 842 843
521 518 1061 1064
520 519 1321 1323
521 520 528 529
521 520 1326 1327
523 521 1210 1211
526 521 1216 1218
522 521 1224 1225
525 522 844 845
523 522 1304 1305
528 523 1202 1207
524 523 1224 1226
525 523 1325 1326
525 524 1219 1220
525 524 1303 1304
525 524 1327 1328
526 525 1207 1208
527 525 1223 1227
526 525 1295 1296
527 526 764 766
532 526 766 768
527 526 845 846
529 526 1318 1321
543 527 1213 1220
532 528 844 845
529 528 1059 1060
529 528 1061 1062
555 528 1207 1222
532 528 1290 1292
529 528 1305 1306
531 529 1288 1289
533 529 1295 1304
531 529 1322 1323
534 530 1309 1315
532 531 1205 1206
534 531 1358 1360
533 532 1023 1024
535 532 1304 1308
534 533 1221 1222
536 534 1290 1293
537 534 1299 1301
535 534 1402 1403
538 536 1049 1051
537 536 1053 1054
537 536 1309 1310
537 536 1403 1404
542 538 1081 1085
539 538 1331 1332
545 539 1398 1403
541 540 1297 1298
545 541 1288 1292
546 541 1297 1300
545 544 1363 1365
549 547 1119 1120
549 547 1200 1201
552 547 1221 1224
553 547 1289 1294
549 548 1096 1097
550 548 1211 1212
553 548 1347 1353
551 550 1099 1100
552 551 531 532
553 551 1213 1214
553 551 1289 1290
552 551 1294 1295
552 551 1300 1301
555 552 1302 1304
557 552 1354 1355
554 553 532 533
554 553 1096 1097
560 553 1284 1295
555 553 1298 1301
555 554 774 775
558 554 1211 1215
562 556 1213 1217
567 556 1218 1223
558 556 1223 1224
646 557 951 968
564 557 1036 1045
558 557 1298 1299
559 557 1303 1304
558 557 1344 1345
566 558 785 794
563 559 1282 1284
561 559 1343 1344
561 560 961 962
561 560 1346 1347
567 560 1356 1358
571 561 776 780
563 561 1032 1035
562 561 1323 1324
566 562 773 775
567 563 861 864
565 564 1033 1035
567 564 1038 1040
566 564 1041 1044
566 564 1281 1285
565 564 1292 1293
568 566 1354 1355
569 567 539 541
569 567 774 775
587 567 1039 1048
582 567 1275 1284
569 568 1040 1041
574 568 1215 1220
569 568 1289 1290
569 568 1324 1325
570 569 1287 1288
576 570 1221 1226
573 572 776 777
574 572 1031 1032
573 572 1088 1089
574 572 1285 1286
574 572 1287 1288
573 572 1319 1320
574 573 960 961
581 573 1292 1294
576 573 1324 1325
576 575 544 545
588 575 1034 1043
582 575 1215 1216
577 575 1286 1287
577 575 1352 1354
579 576 1049 1051
578 577 1222 1223
581 577 1295 1296
580 577 1324 1325
581 578 960 961
584 578 1218 1224
580 579 1223 1224
580 579 1350 1351
590 580 1033 1037
582 580 1281 1282
582 580 1283 1284
586 582 1290 1293
584 582 1326 1328
604 583 1043 1049
584 583 1216 1217
587 583 1273 1276
586 584 959 961
586 584 1347 1348
594 585 954 960
588 585 962 963
586 585 1350 1351
588 585 1399 1404
587 586 548 549
635 586 600 632
588 586 879 880
599 586 1268 1275
588 586 1337 1340
588 587 550 551
588 587 1024 1025
592 587 1030 1033
591 587 1226 1228
589 587 1280 1281
588 587 1396 1398
589 588 554 555
590 588 556 557
593 588 1038 1041
589 588 1282 1283
589 588 1403 1404
590 589 1395 1396
593 591 614 615
593 591 1323 1324
593 592 1275 1276
593 592 1281 1282
594 592 1284 1286
594 593 871 872
596 593 1032 1034
601 593 1038 1043
601 593 1220 1227
600 593 1378 1388
595 594 559 560
595 594 858 859
595 594 860 861
595 594 876 877
596 594 1324 1325
595 594 1374 1375
599 595 956 957
602 595 959 961
596 595 1030 1031
597 595 1273 1274
598 596 1035 1036
598 597 560 561
599 597 1028 1030
603 597 1032 1034
598 597 1393 1394
600 598 1037 1038
601 598 1351 1353
599 598 1356 1357
601 599 1375 1376
600 599 1384 1385
601 600 604 605
601 600 1286 1287
620 601 1034 1047
604 601 1047 1048
605 601 1216 1217
602 601 1264 1265
603 602 564 565
604 602 842 843
603 602 954 955
605 602 1213 1215
603 602 1224 1225
605 602 1275 1276
609 602 1280 1282
606 602 1351 1357
603 602 1394 1395
604 603 566 567
605 603 1219 1220
604 603 1221 1222
619 603 1255 1264
604 603 1267 1268
605 604 954 957
617 604 950 960
605 604 1034 1035
606 604 1052 1053
609 604 1222 1224
608 604 1318 1322
613 605 566 571
612 605 1267 1272
607 606 636 637
607 606 893 894
608 606 1283 1284
611 607 1031 1032
609 607 1051 1052
618 607 1215 1223
613 607 1351 1360
609 608 571 572
609 608 631 632
609 608 1048 1049
623 609 1306 1320
611 610 632 633
613 610 959 960
611 610 1034 1035
617 610 1052 1054
612 611 621 622
613 611 1051 1052
614 611 1223 1224
612 611 1280 1281
613 611 1310 1312
615 612 634 636
616 612 786 791
614 612 1189 1192
613 612 1317 1320
613 612 1394 1395
616 613 1048 1049
617 613 1355 1360
615 614 573 574
620 614 1031 1033
616 614 1352 1353
618 615 577 581
616 615 1396 1397
616 615 1444 1445
617 616 638 639
625 616 1041 1044
619 616 1282 1284
619 616 1391 1393
627 617 1044 1047
623 617 1215 1217
718 617 1443 1466
625 618 1301 1304
619 618 1362 1366
620 619 1260 1261
620 619 1262 1263
621 620 1254 1255
622 620 1280 1282
624 621 583 584
663 621 1026 1046
622 621 1283 1284
630 622 1031 1033
641 622 1208 1212
629 622 1213 1216
624 623 585 586
624 623 1033 1034
627 623 1202 1203
625 623 1208 1209
624 623 1254 1255
626 623 1258 1262
624 623 1383 1384
624 623 1397 1398
627 624 588 591
625 624 1027 1028
641 624 1299 1309
625 624 1374 1376
627 625 1268 1269
627 625 1383 1385
630 625 1386 1389
627 625 1390 1391
633 626 952 958
629 626 1037 1038
632 626 1052 1054
627 626 1254 1255
628 626 1309 1311
634 627 612 621
628 627 1046 1047
633 627 1249 1253
631 628 591 594
631 628 1049 1050
629 628 1261 1262
630 629 962 963
631 630 670 671
636 630 1028 1032
631 630 1045 1046
631 630 1260 1261
631 630 1302 1303
632 631 673 675
636 631 958 962
644 631 1032 1036
633 632 611 614
633 632 1382 1383
645 633 958 964
637 633 1044 1048
635 634 604 605
635 634 622 625
642 634 688 743
639 634 1204 1206
666 634 1243 1255
642 636 626 640
643 636 955 958
639 636 1214 1216
637 636 1255 1256
641 637 1199 1202
638 637 1252 1253
639 638 612 614
656 638 1289 1300
645 639 619 624
642 639 626 633
648 639 1030 1032
640 639 1379 1380
641 640 613 614
652 641 1204 1207
643 641 1252 1253
642 641 1383 1384
645 642 641 646
651 642 743 752
645 642 1240 1243
644 643 631 632
644 643 637 639
645 643 1203 1204
648 644 637 641
649 644 1335 1340
646 645 629 631
653 645 650 662
646 645 1025 1026
654 646 1044 1049
648 646 1055 1056
651 646 1236 1239
648 646 1242 1244
649 646 1385 1388
649 647 967 968
648 647 1058 1059
648 647 1371 1372
652 649 1026 1027
653 650 641 645
651 650 1255 1256
654 651 962 963
653 651 1240 1241
652 651 1374 1375
653 652 649 651
656 652 1233 1238
654 652 1242 1243
659 652 1282 1288
655 653 665 671
655 653 1378 1379
655 654 660 662
657 654 756 760
658 654 1025 1027
656 655 1046 1047
657 656 1044 1045
659 656 1186 1188
658 657 668 672
659 658 677 679
659 658 759 760
660 658 1188 1189
660 658 1256 1258
662 660 1038 1040
662 660 1184 1185
661 660 1281 1283
661 660 1365 1367
661 660 1382 1383
679 661 1272 1283
665 662 1284 1287
666 664 722 728
666 664 732 735
669 664 1223 1226
670 666 736 739
667 666 771 773
667 666 1283 1284
667 666 1383 1384
670 667 1015 1016
669 667 1027 1028
672 667 1175 1178
670 667 1179 1180
670 667 1181 1182
669 668 1018 1019
675 668 1019 1025
669 668 1029 1030
669 668 1220 1221
669 668 1466 1468
699 669 775 837
671 670 1254 1255
675 671 1016 1017
673 671 1181 1183
674 672 1220 1221
675 672 1222 1225
673 672 1539 1541
676 673 1253 1254
675 674 1344 1346
678 675 1027 1030
683 675 1213 1217
676 675 1337 1338
678 676 1178 1179
680 676 1270 1273
678 676 1346 1349
677 676 1354 1355
677 676 1558 1559
678 677 1218 1219
678 677 1343 1344
679 678 1558 1560
681 680 1156 1157
682 680 1274 1276
681 680 1344 1345
685 681 1270 1272
683 682 1154 1155
684 682 1273 1275
684 682 1277 1279
686 683 1203 1207
689 683 1231 1232
685 683 1337 1339
686 685 759 760
688 685 1199 1202
687 686 1210 1211
687 686 1269 1270
687 686 1323 1324
688 687 1122 1123
689 687 1210 1213
688 687 1277 1278
688 687 1542 1543
689 688 1323 1326
698 689 1200 1206
690 689 1271 1273
691 690 1324 1325
693 691 1193 1197
695 691 1271 1275
692 691 1317 1319
695 693 1315 1319
696 694 1189 1191
695 694 1278 1279
695 694 1310 1313
695 694 1322 1323
696 695 1207 1208
698 695 1304 1308
701 698 1188 1191
701 699 838 842
701 700 1181 1182
702 701 848 849
702 701 1287 1288
704 702 1185 1188
703 702 1273 1275
703 702 1303 1305
721 703 849 901
704 703 860 861
704 703 866 867
709 704 1296 1306
705 704 1313 1315
706 704 1441 1442
707 706 867 868
707 706 876 878
707 706 1181 1182
707 706 1305 1306
708 706 1312 1315
709 708 1272 1273
709 708 1287 1289
709 708 1311 1312
709 708 1326 1327
709 708 1333 1337
718 709 1170 1178
712 709 1266 1270
710 709 1297 1298
713 710 873 885
711 710 883 886
748 710 1087 1171
711 710 1182 1184
726 710 1264 1276
711 710 1280 1282
712 710 1285 1291
711 710 1308 1309
711 710 1335 1336
712 711 1259 1260
713 711 1282 1284
712 711 1293 1294
713 712 1276 1279
713 712 1313 1315
715 713 1286 1291
717 713 1431 1432
715 714 922 927
718 714 931 962
715 714 1168 1169
715 714 1198 1199
715 714 1302 1307
716 715 1445 1446
719 716 964 970
766 716 1065 1300
717 716 1286 1288
717 716 1302 1304
719 717 971 975
721 717 977 994
718 717 1274 1275
719 718 1302 1303
720 719 902 907
720 719 910 914
720 719 995 998
730 719 1456 1464
721 720 826 827
721 720 1003 1004
721 720 1009 1010
722 720 1013 1016
721 720 1022 1023
722 721 1143 1145
722 721 1293 1296
724 723 1262 1263
724 723 1292 1293
726 724 1154 1156
725 724 1157 1159
725 724 1286 1287
726 725 1140 1141
726 725 1288 1289
726 725 1290 1291
728 726 827 828
729 727 831 833
728 727 1262 1263
728 727 1264 1269
728 727 1286 1288
729 727 1304 1312
728 727 1315 1318
729 728 1132 1133
729 728 1274 1275
730 729 1129 1131
730 729 1134 1135
730 729 1264 1266
730 729 1306 1309
735 730 1119 1127
731 730 1147 1148
732 730 1273 1276
731 730 1288 1289
732 731 1128 1129
732 731 1300 1301
745 731 1432 1455
735 732 727 730
733 732 1273 1274
734 733 1267 1271
734 733 1298 1301
735 734 1125 1126
737 734 1276 1281
735 734 1453 1454
736 735 1263 1264
740 736 1312 1316
738 737 727 729
738 737 1261 1265
738 737 1272 1277
739 738 1035 1036
739 738 1109 1111
739 738 1247 1248
743 741 1049 1052
743 741 1077 1086
743 742 1054 1056
743 742 1058 1062
743 742 1229 1230
744 743 1083 1085
744 743 1092 1094
746 745 1414 1415
749 745 1417 1428
747 746 1093 1095
747 746 1097 1100
749 748 1091 1095
749 748 1097 1100
749 748 1111 1113
754 748 1407 1412
750 749 1210 1211
751 750 1418 1420
762 752 1374 1405
759 758 1189 1190
760 759 1127 1128
760 759 1140 1141
768 760 1343 1370
765 764 1453 1455
767 765 1448 1452
769 766 1299 1310
767 766 1454 1455
772 767 1311 1331
769 768 1450 1451
777 773 1298 1303
775 774 1333 1334
789 787 1268 1274
791 790 1262 1263
792 791 1258 1259
797 796 1235 1240
800 798 1218 1225
803 799 1194 1212
800 799 1214 1216
805 803 1178 1193
806 804 1174 1176
808 806 1141 1159
807 806 1162 1167
810 808 1120 1132
809 808 1134 1138
810 809 1103 1112
817 816 1280 1281
821 819 1277 1278
827 825 1276 1277
856 855 1535 1536
918 905 699 711
908 907 712 713
908 907 714 715
911 910 1334 1337
914 912 1334 1337
936 935 701 702
966 955 655 672
975 966 649 655
979 973 621 631
979 973 632 636
983 979 621 625
984 983 631 632
984 983 676 679
984 983 1241 1244
985 984 1199 1208
985 984 1209 1212
985 984 1214 1215
988 987 671 672
989 988 1256 1257
989 988 1259 1260
990 989 576 577
993 989 578 583
995 990 569 575
992 990 600 604
991 990 670 671
993 990 1199 1213
993 990 1212 1225
992 991 1229 1230
992 991 1257 1260
995 992 1228 1256
996 994 580 581
996 994 1205 1219
999 995 557 564
997 996 568 571
998 996 572 573
1008 997 538 555
1007 999 563 565
1001 1000 569 570
1003 1002 547 548
1006 1002 566 567
1007 1003 536 538
1005 1003 1196 1199
1010 1004 532 534
1008 1004 1195 1202
1008 1006 543 547
1007 1006 569 570
1009 1007 530 531
1011 1010 1120 1121
1014 1012 1105 1107
1017 1015 1128 1130
1016 1015 1146 1147
1018 1016 1175 1180
1022 1020 1114 1116
1024 1020 1159 1172
1022 1021 1100 1101
1023 1022 1112 1113
1024 1023 1099 1100
1024 1023 1155 1158
1027 1025 1111 1112
1031 1028 1108 1110
1029 1028 1146 1147
1030 1029 1097 1098
1036 1029 1148 1154
1066 1032 1073 1095
1034 1032 1135 1136
1034 1033 1106 1107
1040 1036 1156 1158
1039 1037 1103 1104
1041 1039 1101 1102
1051 1042 1093 1100
1048 1047 1162 1163
1051 1049 1163 1165
1055 1054 1119 1120
1057 1056 1140 1141
1057 1056 1167 1168
1065 1057 1083 1089
1067 1057 1190 1238
1058 1057 1240 1245
1058 1057 1246 1247
1059 1058 1169 1170
1059 1058 1211 1212
1063 1059 1088 1092
1061 1059 1099 1104
1062 1061 1222 1223
1064 1063 1264 1265
1065 1064 1123 1124
1077 1065 1230 1287
1068 1066 1082 1083
1080 1067 1065 1073
1069 1067 1124 1125
1080 1067 1128 1134
1070 1069 1147 1148
1070 1069 1182 1184
1072 1070 1126 1127
1072 1070 1216 1221
1071 1070 1232 1233
1080 1071 1178 1215
1073 1072 1146 1147
1073 1072 1149 1150
1078 1073 1127 1129
1076 1075 1150 1151
1077 1076 1257 1259
1078 1077 1091 1094
1080 1078 1087 1088
1080 1078 1159 1160
1080 1078 1164 1165
1080 1078 1289 1292
