1 0 477 478
16 0 482 498
2 0 485 486
1 0 729 730
6 0 805 812
3 0 847 849
2 0 901 905
2 1 727 728
3 2 880 884
3 2 886 888
3 2 899 901
5 3 850 861
4 3 864 865
4 3 871 874
5 4 727 728
24 5 567 575
10 7 502 508
15 7 579 599
9 8 510 511
12 10 734 735
15 10 740 741
14 12 502 504
16 14 527 528
17 15 504 506
17 16 521 522
25 16 525 528
24 21 729 730
22 21 735 736
23 22 553 554
32 23 537 544
34 23 546 558
25 24 534 535
30 25 517 522
26 25 523 524
27 25 729 730
30 27 532 533
32 27 736 737
29 28 515 516
30 28 535 536
32 30 520 521
33 31 532 535
32 31 536 537
35 34 558 559
39 35 553 557
37 36 1228 1230
40 37 737 738
38 37 1200 1205
40 38 1232 1234
42 40 1141 1151
49 41 738 739
46 43 1230 1234
49 48 732 733
58 55 732 733
57 56 739 740
68 67 1222 1228
80 73 735 736
79 76 742 743
81 80 1105 1109
91 85 597 601
102 85 603 613
88 87 596 597
96 87 736 738
94 88 739 740
103 97 737 738
99 97 744 745
103 101 740 741
105 104 741 742
144 111 739 743
122 118 742 743
119 118 990 991
119 118 993 995
122 119 981 984
131 121 892 896
128 125 743 744
127 126 654 655
137 126 963 981
133 129 743 744
131 129 891 893
133 132 966 968
139 133 891 893
173 134 791 797
140 134 894 897
142 136 744 745
148 137 805 813
139 138 803 804
141 140 804 805
144 141 746 747
152 141 891 898
165 147 742 746
159 148 746 747
168 152 888 906
155 154 810 811
159 154 816 821
164 160 747 748
165 164 908 909
165 164 912 913
165 164 914 917
165 164 972 975
166 165 919 921
166 165 945 946
167 165 954 957
176 165 963 974
166 165 991 1007
167 166 748 749
167 166 926 928
170 167 816 819
168 167 848 850
168 167 883 886
168 167 912 913
169 167 978 1009
169 168 857 863
169 168 898 899
169 168 914 917
169 168 918 920
169 168 921 924
169 168 926 928
169 168 931 935
171 170 852 853
171 170 864 867
177 170 890 903
176 172 800 814
178 172 851 854
180 177 752 753
203 179 891 902
183 181 853 855
183 182 897 898
184 183 751 752
192 191 900 901
202 200 895 896
206 204 895 901
208 207 895 896
214 207 897 903
213 211 680 681
238 211 894 905
220 217 694 695
228 219 692 697
229 225 755 756
228 227 692 693
229 228 895 896
230 229 697 698
231 230 897 898
233 232 897 899
238 236 758 759
240 236 896 897
251 237 703 707
240 239 898 899
245 239 897 905
244 243 686 687
246 244 709 710
251 246 897 906
248 247 692 693
250 247 709 711
270 248 711 716
249 248 729 730
253 249 694 696
251 249 717 718
252 249 1098 1113
251 250 707 708
252 250 1091 1094
251 250 1095 1097
252 250 1114 1117
253 251 678 679
253 251 697 698
252 251 1089 1090
255 252 700 702
257 252 708 711
268 252 898 907
253 252 1107 1108
253 252 1316 1317
254 253 1097 1099
254 253 1110 1111
255 254 686 687
255 254 688 689
260 254 717 718
260 254 719 720
255 254 1101 1102
255 254 1106 1107
255 254 1161 1162
256 255 678 679
260 256 684 686
258 256 687 688
260 256 699 700
260 257 697 698
258 257 761 762
262 259 701 703
260 259 1078 1079
263 260 1071 1073
262 261 1065 1068
263 262 699 700
266 262 702 704
266 263 762 763
270 263 1034 1045
265 264 704 705
274 264 728 730
269 264 1046 1057
266 264 1063 1066
267 266 1053 1054
271 267 718 720
268 267 1070 1071
271 268 724 725
269 268 1072 1073
269 268 1076 1077
277 269 707 710
271 269 709 710
271 269 711 712
270 269 1043 1045
271 269 1228 1230
271 270 1040 1042
274 271 1231 1236
272 271 1361 1362
280 273 719 721
275 273 723 724
274 273 735 736
274 273 1242 1243
275 274 737 738
277 274 739 740
278 275 725 728
283 278 710 713
282 278 729 730
280 278 732 733
282 278 740 741
282 279 725 727
284 280 720 724
282 280 1191 1192
282 281 1188 1189
283 282 1258 1259
286 284 724 725
287 284 730 731
314 284 740 749
290 289 732 733
293 292 729 730
299 292 730 736
293 292 1168 1169
293 292 1448 1449
297 294 862 868
297 296 1344 1345
298 297 860 861
299 298 747 748
299 298 1449 1450
303 299 766 767
305 301 732 735
304 303 1185 1187
305 304 735 736
309 307 1209 1210
311 310 638 639
313 311 737 738
312 311 1300 1302
313 312 749 750
318 316 751 752
318 316 1210 1211
318 317 747 749
320 317 768 769
320 319 746 747
323 319 1276 1279
321 319 1306 1308
321 320 1215 1216
324 321 759 761
322 321 1210 1211
323 322 750 751
323 322 762 763
324 322 1217 1219
329 322 1279 1287
325 324 751 752
325 324 1259 1261
326 325 628 630
328 325 1220 1224
327 325 1305 1306
327 326 1312 1313
329 327 628 633
331 328 753 755
331 330 1225 1226
337 330 1235 1237
331 330 1288 1289
332 330 1319 1320
333 332 1226 1227
333 332 1228 1229
335 334 1238 1239
336 335 1071 1072
336 335 1230 1231
338 335 1263 1265
337 336 1294 1296
339 337 1297 1298
368 339 1264 1269
341 340 1068 1069
341 340 1300 1301
347 343 1367 1368
347 344 1305 1307
362 346 1055 1062
348 346 1244 1245
349 346 1248 1249
350 349 1058 1059
353 350 1247 1250
353 351 1271 1272
357 352 1060 1062
355 352 1063 1064
356 352 1251 1255
356 355 924 925
358 356 926 927
359 357 1069 1070
359 358 1255 1256
363 359 1319 1323
368 360 1070 1073
363 361 1270 1272
364 362 1351 1352
365 363 998 999
364 363 1320 1321
365 364 1263 1264
368 365 1269 1271
371 366 1325 1331
368 367 1263 1264
369 368 1065 1066
388 369 1069 1072
371 369 1270 1271
371 370 1359 1360
373 370 1382 1383
373 372 1333 1334
379 374 604 609
375 374 1269 1270
376 374 1300 1304
377 375 1240 1241
377 375 1276 1277
377 375 1278 1279
382 376 1022 1024
377 376 1238 1239
380 376 1300 1301
381 379 1275 1276
380 379 1337 1339
383 381 1339 1341
385 384 1342 1343
388 385 1024 1026
387 386 1343 1344
390 389 1087 1088
421 390 1026 1029
392 391 1280 1281
393 392 1020 1021
394 393 1286 1287
397 394 1076 1077
416 395 1382 1390
398 396 1285 1287
399 396 1295 1296
398 397 991 992
399 398 1348 1349
402 399 1315 1318
402 400 1023 1024
401 400 1352 1353
403 402 1021 1022
404 402 1287 1288
406 403 1295 1296
410 403 1354 1357
421 405 991 995
407 405 1071 1072
407 405 1288 1290
406 405 1384 1385
421 406 1087 1089
411 408 1297 1298
414 411 1293 1295
417 411 1357 1361
413 412 1255 1256
415 413 1384 1385
418 414 1297 1298
416 414 1302 1304
420 419 1298 1299
422 420 1300 1301
422 421 1307 1308
424 421 1361 1364
423 422 1025 1026
424 423 993 994
424 423 1084 1085
430 423 1087 1090
427 425 1082 1084
444 425 1362 1372
452 427 992 997
428 427 1019 1020
433 427 1020 1023
429 428 991 992
429 428 1079 1080
429 428 1083 1084
431 430 612 613
434 430 1015 1018
433 430 1302 1304
435 430 1326 1328
433 430 1449 1451
441 431 1392 1396
439 432 1087 1089
439 438 1373 1374
441 439 773 774
442 439 992 993
443 441 1084 1086
445 442 1368 1371
455 443 992 1002
448 443 1002 1006
450 447 1004 1006
450 447 1388 1390
448 447 1391 1392
449 448 998 1000
451 449 1319 1320
453 452 1314 1315
456 452 1387 1390
454 453 1332 1333
455 453 1370 1371
456 454 1318 1319
455 454 1368 1369
459 455 1314 1316
457 455 1334 1335
457 456 1386 1387
463 460 1317 1318
463 462 579 580
466 464 1083 1086
469 467 773 774
470 467 1386 1388
470 468 1318 1319
469 468 1389 1390
469 468 1442 1443
475 471 674 678
472 471 1388 1390
474 473 1438 1439
475 474 767 768
500 474 862 871
477 474 1391 1392
479 478 1393 1395
481 480 1334 1335
481 480 1370 1371
481 480 1435 1436
484 482 1398 1399
488 482 1433 1436
485 484 1328 1329
487 485 1271 1272
487 486 1331 1333
489 488 863 864
489 488 1271 1272
492 491 1333 1334
494 492 1336 1338
493 492 1437 1438
500 495 1108 1112
500 499 1440 1441
503 502 1342 1343
504 503 1254 1255
505 504 1443 1444
508 506 1336 1337
516 511 1258 1260
520 519 1342 1343
521 520 1338 1341
525 523 1440 1442
526 524 763 764
525 524 1330 1331
531 529 1402 1403
533 530 1331 1332
532 531 1329 1330
535 531 1339 1341
538 535 1395 1398
539 538 1259 1260
540 538 1261 1263
540 538 1330 1332
542 538 1402 1403
563 540 864 872
542 540 1260 1262
544 542 1328 1330
545 543 773 775
547 543 863 864
545 544 1334 1335
549 547 1132 1133
550 547 1331 1333
550 547 1404 1405
549 548 1329 1330
551 549 1263 1264
556 550 866 868
553 551 1322 1323
562 554 1320 1322
567 564 775 776
568 565 1321 1323
568 567 1456 1457
571 570 1086 1087
576 570 1316 1319
572 571 1396 1397
574 573 775 776
603 578 997 1009
579 578 1087 1088
581 578 1431 1433
580 579 1315 1316
584 579 1426 1431
581 580 1263 1264
583 580 1312 1314
588 582 1096 1098
585 583 1401 1403
585 584 1093 1094
588 585 1399 1400
590 588 1011 1012
589 588 1313 1314
591 589 1094 1095
592 590 1399 1403
593 592 1308 1309
595 593 1271 1272
603 595 799 806
600 595 1097 1099
597 595 1307 1308
604 596 1401 1409
597 596 1405 1406
602 597 783 784
599 597 1398 1400
600 598 780 781
601 599 807 808
600 599 1087 1089
602 600 1022 1024
602 601 1364 1365
602 601 1367 1368
607 602 1096 1099
604 602 1400 1401
608 603 1002 1005
607 603 1024 1028
604 603 1270 1271
607 603 1314 1315
615 604 1299 1305
607 605 1031 1032
609 606 1362 1363
611 607 1099 1100
610 607 1359 1360
611 608 1439 1440
630 609 1000 1004
617 609 1033 1036
612 609 1091 1092
614 610 1029 1030
613 612 1327 1328
615 613 1093 1094
614 613 1096 1097
616 613 1358 1360
615 614 1091 1092
617 616 1095 1096
649 617 1298 1311
619 618 1082 1083
620 618 1352 1353
620 619 1031 1032
621 619 1097 1098
621 620 1087 1088
623 620 1090 1091
628 621 459 461
636 621 1036 1038
622 621 1092 1093
624 622 1088 1089
624 623 1504 1505
633 624 1031 1033
627 624 1091 1092
628 624 1098 1099
628 625 1087 1088
633 625 1348 1355
630 626 1080 1082
628 626 1294 1295
629 628 1296 1297
631 629 1088 1089
646 629 1286 1294
634 629 1506 1508
631 630 1299 1300
633 631 547 548
637 631 1002 1004
635 632 1081 1082
636 633 1000 1001
634 633 1668 1671
656 634 549 565
637 635 1086 1087
640 635 1508 1510
637 636 1344 1346
649 637 1034 1037
638 637 1342 1343
639 638 1001 1002
641 638 1004 1006
641 638 1029 1030
640 638 1388 1391
640 639 1097 1098
640 639 1341 1342
641 639 1345 1348
640 639 1531 1532
642 640 564 565
641 640 1081 1082
644 642 1003 1004
644 642 1006 1007
644 642 1089 1091
643 642 1345 1346
644 643 1001 1002
647 645 1028 1029
650 645 1082 1084
652 646 1514 1517
652 647 1085 1086
649 647 1090 1091
649 647 1339 1341
651 648 1281 1283
651 649 1095 1096
656 650 1332 1336
662 651 579 592
689 651 1519 1534
659 652 1089 1090
656 652 1279 1280
655 653 1024 1026
656 654 802 806
660 654 1013 1016
661 656 1083 1085
657 656 1311 1312
660 657 1091 1093
659 658 565 567
659 658 1330 1331
661 660 564 565
666 660 1311 1313
676 661 561 573
664 661 1326 1328
663 662 560 561
665 663 593 595
664 663 1007 1008
665 663 1091 1092
667 664 1330 1333
667 665 1012 1013
668 665 1325 1328
676 666 1085 1091
668 666 1329 1331
668 667 558 559
669 668 609 610
671 669 1270 1271
677 669 1324 1329
673 670 1095 1096
672 671 563 564
676 671 609 617
672 671 1083 1084
674 673 1263 1264
676 675 565 566
676 675 673 674
676 675 1262 1263
677 676 574 575
697 676 694 756
677 676 1265 1266
680 676 1322 1324
679 677 565 566
678 677 1327 1328
679 678 1262 1263
679 678 1268 1269
684 680 576 585
683 680 1256 1258
685 683 1253 1255
685 684 1324 1325
689 687 587 593
688 687 1535 1536
690 689 595 597
695 690 1532 1536
697 691 581 589
693 692 602 604
695 694 601 605
695 694 608 613
695 694 616 617
697 696 590 591
699 696 614 619
700 696 1239 1242
697 696 1536 1537
700 697 757 760
706 698 586 625
699 698 596 597
703 699 606 622
702 700 463 464
712 700 759 764
706 700 1231 1237
703 702 585 587
705 704 768 769
714 704 1524 1534
712 705 766 774
706 705 1246 1247
708 707 614 615
708 707 1233 1234
709 708 609 612
713 709 762 763
785 709 1097 1361
711 710 598 599
713 712 776 777
716 713 757 758
715 713 772 773
715 714 761 762
716 715 500 504
768 715 1391 1521
719 716 508 519
718 716 751 752
717 716 1328 1329
721 718 522 528
722 719 749 751
721 719 752 753
722 719 769 770
722 720 534 538
721 720 758 759
723 721 554 559
723 721 562 572
722 721 1328 1329
722 721 1331 1334
729 722 595 616
726 722 754 756
724 722 1323 1329
724 723 575 577
725 724 583 584
726 724 751 752
727 725 1323 1329
727 726 1296 1297
728 727 592 593
728 727 1218 1219
731 729 1204 1210
731 730 1211 1212
760 731 1165 1203
734 732 1555 1560
735 734 1559 1560
738 735 759 760
741 738 757 758
742 741 1183 1184
747 742 1175 1182
745 743 1461 1464
749 747 870 871
752 749 1026 1030
750 749 1032 1034
750 749 1167 1172
751 750 1024 1025
752 751 896 897
752 751 1004 1008
752 751 1020 1021
752 751 1031 1033
752 751 1164 1166
753 752 998 999
754 752 1160 1164
755 754 878 881
768 755 1136 1161
759 758 1159 1162
764 761 702 703
762 761 1148 1150
767 761 1155 1166
763 762 1034 1035
765 763 1129 1136
766 764 704 705
766 765 1124 1126
769 766 1112 1121
768 767 1123 1125
770 767 1372 1382
772 771 831 832
773 771 1031 1034
775 773 1013 1018
775 773 1027 1029
774 773 1348 1351
778 774 739 740
775 774 1344 1347
776 775 963 964
777 775 1021 1025
809 775 917 1033
776 775 1340 1343
777 776 1034 1035
778 777 937 938
778 777 946 948
780 779 907 909
781 780 869 872
786 783 1298 1310
784 783 1311 1312
787 786 1294 1296
788 787 874 875
788 787 1288 1293
790 788 739 740
789 788 876 877
789 788 1286 1287
791 789 852 862
791 790 904 905
791 790 1008 1009
791 790 1277 1279
798 791 826 848
792 791 890 892
792 791 985 986
792 791 1268 1274
793 792 888 889
793 792 893 895
793 792 1263 1266
794 793 800 801
794 793 803 806
794 793 825 826
795 793 898 905
797 794 980 983
795 794 1252 1254
796 795 778 783
798 796 726 727
797 796 1237 1242
799 797 889 893
798 797 1231 1236
800 799 761 763
800 799 1209 1212
800 799 1214 1218
800 799 1219 1222
801 800 744 758
801 800 1200 1207
802 801 1196 1197
803 802 1180 1188
804 803 1164 1165
804 803 1167 1170
810 807 1370 1371
825 824 1656 1657
827 826 1653 1656
871 868 1368 1374
890 889 695 696
894 893 703 706
897 893 1437 1443
905 904 691 694
907 906 691 694
919 917 690 693
919 918 703 705
929 928 756 757
930 929 739 740
936 932 707 719
937 933 666 671
934 933 706 710
937 934 732 736
939 938 742 745
941 939 730 734
943 942 686 687
946 945 686 687
948 947 685 687
956 950 663 669
956 955 684 685
959 958 663 665
968 967 664 665
972 970 662 664
971 970 665 667
972 971 642 643
974 972 640 641
973 972 661 662
977 973 636 638
976 975 643 644
982 980 636 637
988 983 628 635
986 985 636 637
992 989 629 632
995 990 633 639
994 993 682 683
995 994 603 605
995 994 662 664
995 994 665 666
996 995 1337 1341
998 996 636 639
997 996 1304 1306
997 996 1322 1329
998 997 629 630
998 997 662 665
998 997 1294 1295
998 997 1310 1311
999 998 598 600
999 998 640 641
1000 999 593 594
1000 999 663 664
1000 999 1363 1364
1004 1002 1361 1367
1004 1003 590 591
1005 1004 594 595
1009 1004 1302 1363
1006 1005 1332 1335
1008 1007 631 633
1008 1007 636 638
1008 1007 640 643
1009 1007 660 667
1010 1008 1316 1322
1012 1009 1304 1312
1012 1010 739 742
1012 1011 1317 1318
1014 1013 1307 1308
1016 1015 688 689
1018 1017 1243 1245
1021 1019 607 611
1023 1021 1246 1248
1024 1023 1297 1301
1025 1024 1264 1265
1027 1025 1267 1271
1032 1027 1208 1218
1030 1029 1200 1201
1033 1030 626 630
1035 1034 1278 1279
1037 1036 1196 1197
1037 1036 1222 1223
1039 1037 1271 1272
1045 1039 1205 1208
1043 1041 1193 1194
1043 1042 1230 1232
1044 1042 1250 1269
1045 1044 1233 1235
1045 1044 1247 1250
1080 1053 1171 1188
1058 1054 1250 1254
1059 1058 1199 1200
1063 1058 1255 1259
1061 1060 1224 1225
1065 1064 1194 1195
1069 1066 1191 1192
1071 1069 1194 1196
1077 1070 1186 1191
1072 1070 1232 1233
1077 1076 1266 1267
