684 682 371 376
688 684 340 349
685 684 358 359
689 686 356 362
688 687 363 364
694 688 322 327
693 692 314 317
694 693 343 344
696 694 338 344
695 694 351 354
696 695 361 362
696 695 487 488
698 696 295 297
700 696 314 320
697 696 359 360
697 696 363 364
698 697 305 311
700 699 298 302
704 699 309 316
701 699 318 324
700 699 354 357
701 700 331 333
703 701 360 365
703 702 325 327
704 703 282 283
705 703 289 297
704 703 299 300
706 704 303 305
713 706 283 304
712 707 304 311
709 708 338 344
711 709 417 419
711 710 328 330
712 711 334 335
713 712 278 280
713 712 288 291
714 713 281 283
715 714 422 425
716 715 299 300
717 715 302 304
719 716 257 263
718 717 273 275
720 718 277 284
720 719 285 290
720 719 293 300
722 719 307 309
720 719 334 335
720 719 431 432
721 720 303 305
723 721 359 360
723 722 275 277
724 722 301 304
723 722 305 306
727 725 254 259
731 727 351 355
728 727 383 384
729 728 301 302
733 729 242 247
730 729 251 254
730 729 356 357
732 729 366 367
731 730 364 365
732 731 296 297
732 731 358 360
733 732 248 250
735 733 359 360
735 734 266 267
735 734 368 369
736 735 239 240
737 735 335 337
736 735 361 362
740 737 366 367
739 737 394 396
739 738 292 293
744 738 344 347
740 739 239 240
741 739 348 349
741 740 292 293
742 740 359 360
744 740 364 366
741 740 372 373
741 740 442 443
743 741 240 243
742 741 246 248
744 741 268 272
744 743 341 342
748 744 232 235
745 744 360 361
746 744 370 371
745 744 396 397
746 744 398 399
747 746 352 353
747 746 354 355
748 746 359 360
747 746 436 437
748 747 249 250
751 747 372 373
749 747 392 394
749 748 364 365
750 748 432 433
751 749 236 237
752 749 358 361
754 750 352 355
752 750 397 398
752 751 239 241
754 751 433 434
753 752 338 339
754 752 377 378
755 753 343 345
754 753 386 387
759 754 263 264
756 755 335 336
756 755 380 381
757 755 414 415
758 756 231 234
760 756 388 391
758 757 351 352
758 757 360 361
759 758 357 358
761 759 234 236
760 759 245 246
761 759 283 285
762 759 324 327
760 759 340 345
764 759 349 351
762 759 352 355
760 759 361 362
760 759 365 366
761 760 230 231
761 760 259 260
762 760 307 308
761 760 332 333
761 760 346 347
764 760 356 357
763 761 268 269
762 761 286 287
762 761 339 340
763 762 259 260
767 762 318 324
764 763 280 281
765 763 308 309
764 763 329 330
764 763 333 334
765 764 325 326
768 764 362 364
766 765 231 232
766 765 364 365
768 765 423 424
767 766 228 229
770 766 231 236
767 766 327 328
767 766 342 343
768 766 358 360
768 767 276 279
768 767 378 380
774 768 338 342
769 768 391 393
770 769 230 232
771 769 370 371
771 770 314 315
771 770 368 369
774 770 450 451
772 770 452 453
776 771 221 226
772 771 344 345
772 771 358 359
772 771 361 362
773 771 375 376
774 772 227 232
776 772 311 312
774 772 334 335
774 772 336 337
773 772 377 378
775 773 448 449
776 774 309 310
776 774 358 360
777 774 412 413
777 774 414 415
776 775 307 308
776 775 340 341
776 775 349 350
778 775 363 367
777 775 395 396
781 776 226 230
777 776 380 381
777 776 382 383
777 776 384 386
778 777 231 232
781 777 345 349
782 778 320 321
781 778 325 328
781 778 380 383
780 779 221 222
780 779 311 312
781 779 360 361
781 779 363 364
780 779 368 369
782 780 330 331
782 780 332 333
787 782 222 231
783 782 310 311
783 782 326 327
783 782 344 345
783 782 348 349
785 782 360 361
786 782 362 363
785 782 382 384
790 783 339 345
784 783 365 367
786 784 318 320
785 784 348 349
786 785 316 317
787 785 333 334
787 785 335 336
787 786 223 224
787 786 304 305
787 786 353 354
788 786 358 359
788 787 227 228
788 787 328 329
789 787 330 331
793 787 353 359
790 788 311 312
789 788 332 333
793 788 347 351
792 789 214 217
791 789 377 378
790 789 380 381
791 790 318 319
791 790 320 321
792 790 332 336
792 790 455 457
791 790 458 459
792 791 322 323
793 791 326 327
795 791 330 333
793 791 343 344
796 791 361 362
793 792 226 227
794 792 245 247
793 792 324 325
795 792 363 364
796 793 359 360
795 794 226 227
795 794 306 307
800 795 220 223
796 795 224 225
798 795 350 351
797 796 315 316
799 796 330 331
798 796 348 349
798 797 299 300
799 797 333 334
798 797 345 346
803 798 217 219
800 798 321 324
800 798 337 338
799 798 356 357
799 798 366 367
803 799 351 353
802 799 354 355
801 799 359 360
801 800 289 290
801 800 363 364
802 800 365 367
801 800 368 369
803 802 211 212
804 802 327 328
805 803 334 336
805 804 215 216
808 804 286 289
807 804 293 294
805 804 348 349
806 805 222 223
806 805 295 296
808 806 215 216
807 806 217 218
807 806 233 235
807 806 236 237
807 806 308 309
810 806 355 358
808 807 220 221
809 807 295 297
808 807 311 312
811 807 360 361
809 808 208 209
809 808 332 333
809 808 340 341
811 808 353 355
811 808 363 365
809 808 371 372
809 808 454 455
810 809 302 303
811 809 335 336
812 810 341 342
811 810 358 359
812 811 343 344
813 811 347 348
812 811 367 368
814 812 207 208
813 812 218 219
814 812 301 304
814 812 339 341
818 813 208 212
816 814 247 248
816 814 359 360
816 814 372 373
816 815 255 257
816 815 277 278
816 815 279 280
816 815 335 337
818 815 449 450
817 815 451 452
817 816 342 343
818 816 384 385
818 816 388 390
819 818 262 263
820 818 345 346
820 818 392 393
824 820 347 350
823 821 372 373
823 822 336 338
823 822 339 340
823 822 352 353
823 822 375 376
824 823 256 257
824 823 315 317
827 826 319 320
829 827 289 290
828 827 295 296
831 829 339 341
832 830 335 336
831 830 346 347
831 830 348 349
834 830 366 368
832 831 269 270
833 831 362 363
833 832 347 348
833 832 371 372
834 833 215 216
837 834 380 382
836 835 328 329
837 835 365 366
837 836 347 348
839 837 264 265
838 837 342 343
839 838 287 289
839 838 374 375
839 838 376 378
840 839 329 330
840 839 335 337
841 839 338 339
840 839 357 359
841 840 340 341
845 842 330 333
847 844 337 339
850 847 328 329
850 847 330 331
852 850 257 258
855 851 327 331
857 854 318 319
856 855 343 344
857 856 345 346
860 859 286 287
870 863 269 280
864 863 284 285
866 863 353 355
865 864 266 267
866 865 279 281
870 865 282 288
866 865 299 303
867 866 291 295
868 867 300 301
870 868 351 352
870 869 279 281
871 870 299 304
871 870 310 311
875 871 276 282
873 872 291 292
873 872 305 306
873 872 317 323
875 873 270 272
908 873 233 304
877 873 292 300
876 874 272 275
875 874 313 316
876 875 259 265
878 876 254 255
877 876 266 267
877 876 308 310
879 877 326 329
880 878 286 291
898 878 290 347
879 878 332 334
882 880 247 249
881 880 293 294
881 880 296 297
881 880 331 333
881 880 335 337
882 881 191 192
884 883 339 341
886 885 302 303
888 887 344 345
905 887 342 365
892 888 270 274
890 889 360 361
891 890 382 383
897 892 283 290
894 892 363 367
894 893 261 262
896 893 291 295
894 893 303 304
895 893 310 319
895 894 267 273
895 894 326 328
895 894 368 371
896 895 261 262
896 895 265 266
902 895 273 289
897 896 250 252
897 896 267 270
898 896 293 303
899 896 311 325
897 896 340 342
912 897 224 233
899 897 253 255
898 897 262 263
900 898 250 252
900 899 224 225
900 899 292 293
901 899 318 325
900 899 326 327
901 900 312 313
906 901 250 263
902 901 269 271
902 901 293 298
902 901 303 304
902 901 325 328
902 901 332 335
907 903 187 188
904 903 270 273
906 903 278 284
904 903 291 294
904 903 337 338
904 903 544 545
905 904 307 308
905 904 320 324
912 905 258 276
908 906 239 243
907 906 247 248
907 906 351 352
910 907 518 520
912 908 217 221
912 908 222 224
909 908 350 351
910 909 237 239
912 909 250 256
911 909 284 288
910 909 306 309
912 910 233 236
911 910 280 281
912 910 309 311
911 910 322 323
911 910 326 327
912 911 257 259
913 911 260 267
916 911 279 292
912 911 300 305
914 911 325 330
913 912 253 254
916 913 183 184
915 913 231 232
914 913 248 249
914 913 272 273
915 913 374 375
926 914 223 229
917 914 229 231
916 914 249 255
915 914 260 262
915 914 286 288
915 914 311 312
915 914 330 331
916 915 271 272
916 915 299 303
919 916 375 376
922 917 274 280
920 918 248 250
919 918 282 286
920 918 287 289
919 918 336 337
920 919 238 239
922 921 181 182
924 921 215 219
925 924 267 268
925 924 516 517
926 925 230 231
926 925 518 519
928 926 246 255
927 926 286 287
929 928 179 180
933 928 218 222
929 928 250 254
934 929 183 185
933 931 179 181
935 934 579 582
938 935 181 183
936 935 567 568
936 935 575 576
940 939 183 184
951 943 179 183
951 950 182 183
963 952 178 182
969 963 175 178
1051 965 156 169
966 965 179 180
969 968 159 160
971 968 178 180
971 970 158 159
972 970 176 177
976 972 178 180
988 973 175 178
997 977 147 164
980 979 424 425
983 982 135 136
984 982 272 280
985 983 172 174
984 983 265 267
984 983 269 270
985 984 134 135
985 984 286 288
995 988 172 174
990 989 132 133
994 989 175 177
992 989 269 279
1003 990 357 361
992 991 262 266
993 991 282 288
1001 992 238 271
994 993 131 132
994 993 361 362
999 995 170 171
1091 995 157 176
999 998 130 131
999 998 278 279
1005 999 170 173
1002 999 251 256
1002 1000 277 278
1002 1000 375 376
1002 1001 279 280
1008 1002 270 275
1005 1003 374 375
1005 1004 260 261
1005 1004 265 266
1005 1004 269 270
1008 1006 259 262
1007 1006 265 268
1007 1006 276 277
1010 1008 263 266
1015 1009 268 271
1011 1010 265 266
1012 1011 550 554
1013 1012 264 266
1013 1012 287 288
1015 1014 126 127
1016 1014 265 267
1019 1017 776 778
1182 1020 755 782
1114 1021 139 157
1022 1021 434 435
1024 1023 304 305
1025 1024 313 314
1027 1025 151 152
1026 1025 316 317
1039 1029 314 320
1031 1029 419 420
1032 1029 421 422
1031 1030 432 433
1040 1031 304 310
1033 1032 163 164
1037 1036 417 418
1039 1038 163 164
1043 1039 318 320
1043 1041 306 307
1042 1041 415 416
1046 1044 305 307
1050 1049 279 280
1056 1052 155 156
1057 1056 278 279
1061 1057 334 337
1060 1058 275 276
1060 1058 311 312
1060 1059 332 333
1069 1065 315 319
1071 1069 138 139
1072 1071 298 299
1077 1075 335 336
1078 1077 423 424
1084 1082 422 423
1084 1083 401 402
1088 1084 291 295
1085 1084 404 405
1087 1084 427 428
1086 1085 415 416
1086 1085 429 430
1088 1086 404 406
1088 1087 329 331
1088 1087 407 408
1092 1088 415 417
1091 1088 418 419
1092 1090 318 320
1091 1090 413 414
1094 1093 415 416
1095 1094 138 139
1095 1094 304 305
1095 1094 406 407
1095 1094 413 414
1098 1095 279 281
1096 1095 419 420
1097 1096 396 398
1100 1097 262 264
1102 1101 247 248
1104 1102 404 407
1104 1103 245 246
1104 1103 307 308
1104 1103 397 398
1157 1104 334 349
1112 1111 248 249
1121 1119 155 156
1130 1126 155 156
1129 1126 727 728
1133 1132 270 271
1148 1139 368 399
1144 1143 151 152
1167 1145 458 475
1151 1149 367 368
1412 1181 154 229
1183 1181 358 362
1184 1183 363 364
1207 1184 722 755
1187 1186 311 312
1206 1205 718 721
1211 1208 385 386
1210 1208 397 398
1215 1212 392 393
1216 1213 383 386
1217 1214 398 399
1220 1219 397 398
1224 1221 371 375
1224 1223 316 318
1225 1224 394 395
1225 1224 396 397
1228 1224 397 399
1226 1225 317 318
1231 1229 423 424
1232 1231 399 400
1233 1232 402 403
1238 1234 328 330
1244 1238 331 335
1240 1239 327 328
1242 1239 402 408
1245 1244 403 404
1256 1255 404 405
1267 1265 399 400
1279 1277 388 389
1282 1280 390 393
1283 1282 338 340
1283 1282 355 359
1285 1283 351 354
1301 1285 322 354
1288 1287 329 331
1289 1287 346 350
1288 1287 357 360
1289 1288 319 320
1289 1288 325 326
1289 1288 355 356
1291 1290 298 301
1291 1290 313 314
1291 1290 317 318
1296 1290 319 325
1292 1291 309 312
1297 1291 355 366
1293 1292 315 316
1311 1293 346 360
1294 1293 367 368
1295 1294 313 314
1295 1294 317 318
1295 1294 335 336
1311 1294 364 376
1297 1296 336 337
1330 1296 394 406
1308 1298 330 345
1299 1298 364 365
1300 1299 362 363
1300 1299 408 409
1301 1300 358 360
1303 1300 381 382
1304 1300 383 384
1302 1301 407 408
1303 1302 351 352
1304 1302 377 378
1304 1302 411 412
1303 1302 414 415
1308 1303 363 367
1308 1304 423 424
1328 1305 404 420
1308 1305 425 426
1327 1306 364 372
1327 1306 380 388
1314 1309 356 362
1311 1310 181 182
1312 1310 422 423
1314 1313 374 375
1315 1314 344 345
1315 1314 352 353
1316 1315 403 404
1319 1318 360 361
1327 1321 388 389
1326 1322 390 391
1327 1326 409 411
1328 1326 413 414
1328 1327 354 355
1328 1327 361 363
1336 1333 392 395
1337 1334 398 399
1359 1355 231 235
1447 1446 359 360
1452 1449 265 266
1459 1456 287 289
1478 1475 287 289
1497 1496 308 310
1499 1498 307 310
1500 1499 303 304
1500 1499 315 318
1501 1500 308 309
1516 1515 363 366
1518 1517 360 361
1848 1847 371 372
1855 1853 363 367
1873 1872 337 338
