464 463 386 388
464 463 393 394
479 473 398 403
475 474 380 383
479 474 392 397
481 475 358 365
478 477 468 469
480 479 384 386
484 481 320 331
485 481 358 361
483 482 389 390
484 483 393 394
485 484 388 389
488 485 308 325
487 486 421 423
488 487 325 326
488 487 335 336
489 487 337 342
488 487 368 370
489 488 309 314
489 488 389 390
490 489 305 308
492 490 303 307
491 490 317 319
492 490 336 339
493 490 346 352
492 491 381 382
492 491 390 391
494 493 386 387
495 493 388 389
495 494 339 340
497 495 294 302
502 495 312 322
496 495 381 382
502 496 327 347
498 496 344 352
498 497 320 322
499 498 296 301
500 499 360 362
502 501 282 284
504 501 300 315
506 501 324 338
503 502 348 351
505 504 292 295
505 504 342 343
507 506 282 283
507 506 291 296
509 508 279 280
511 509 288 296
511 510 279 280
513 512 292 295
515 513 269 273
515 514 260 263
516 515 266 270
517 516 320 322
524 517 259 271
519 518 320 322
521 520 307 309
521 520 311 312
524 522 278 283
524 522 305 310
526 525 259 269
527 526 255 256
527 526 270 275
528 527 257 260
530 529 275 278
531 530 279 287
532 531 274 278
532 531 290 291
533 532 235 238
538 532 259 267
533 532 271 273
534 533 256 258
536 535 242 244
536 535 292 293
537 536 299 301
545 540 233 238
544 543 226 229
544 543 236 238
545 544 223 225
553 552 228 229
555 554 334 335
559 558 199 200
570 566 237 242
568 567 288 289
571 568 208 211
576 575 291 293
576 575 303 304
581 580 204 205
584 583 255 257
584 583 273 274
585 583 299 301
596 593 204 206
595 594 200 201
606 600 186 193
601 600 196 197
603 602 197 198
610 609 184 185
617 610 184 193
616 615 191 192
618 615 193 198
624 620 188 191
624 623 286 287
626 625 191 192
633 627 186 189
631 627 190 193
629 628 184 185
629 628 194 195
633 631 183 185
634 633 192 193
637 636 183 184
646 636 185 193
642 641 179 180
645 642 176 178
645 643 178 181
650 647 175 177
651 649 179 180
651 649 182 183
659 658 172 173
665 662 172 174
668 666 177 179
671 670 184 185
672 671 367 368
675 672 181 183
675 674 176 177
701 700 179 180
704 702 176 177
713 712 169 170
715 713 171 172
715 714 320 321
734 728 245 254
732 731 260 262
740 732 247 259
736 732 284 288
734 733 260 263
736 735 268 270
736 735 271 272
737 735 273 276
746 738 252 261
740 739 240 241
741 739 255 256
740 739 288 289
744 742 263 265
743 742 317 320
746 743 233 237
744 743 245 246
744 743 273 274
749 743 302 307
744 743 312 314
745 744 262 263
746 745 244 246
746 745 250 252
796 745 242 388
746 745 273 275
748 745 276 279
750 745 280 291
764 746 222 246
748 747 273 274
748 747 296 299
751 749 297 299
750 749 614 615
751 750 163 164
752 751 287 288
752 751 290 291
752 751 624 625
752 751 632 633
753 751 649 653
752 751 665 666
752 751 675 676
752 751 682 683
753 752 622 623
754 753 333 336
754 753 337 339
754 753 624 625
755 754 345 346
755 754 611 612
755 754 626 627
755 754 649 652
758 755 564 569
757 756 273 276
757 756 279 280
759 756 359 367
758 756 648 652
758 757 376 377
760 758 568 570
759 758 619 624
759 758 627 630
760 758 631 637
762 759 306 314
760 759 310 311
760 759 561 562
760 759 656 658
762 760 270 272
769 760 391 396
761 760 595 596
762 761 554 555
762 761 586 591
762 761 628 629
762 761 644 648
764 763 372 375
792 763 543 567
764 763 587 591
764 763 624 628
777 765 206 221
768 765 225 230
769 765 396 400
767 765 660 663
770 766 223 224
769 766 236 241
767 766 248 249
767 766 609 612
767 766 613 615
767 766 636 639
768 767 246 247
769 767 252 255
768 767 385 386
768 767 627 629
769 768 232 233
769 768 241 242
769 768 637 640
769 768 676 677
774 769 220 229
770 769 256 257
775 770 242 247
771 770 562 563
771 770 636 637
772 771 243 244
772 771 253 255
772 771 564 566
773 772 651 653
788 773 217 234
777 773 237 241
774 773 302 303
775 773 547 548
775 773 575 576
774 773 624 626
774 773 648 649
774 773 654 655
777 774 213 218
776 774 631 636
776 774 647 653
777 775 315 321
780 775 352 362
776 775 584 586
776 775 593 594
777 775 707 709
777 776 244 247
777 776 582 583
778 777 204 205
787 777 541 544
778 777 629 634
795 778 194 218
779 778 238 240
779 778 244 245
779 778 248 251
782 778 248 259
779 778 380 381
779 778 604 606
780 778 640 653
781 779 241 245
787 779 341 352
782 779 350 354
780 779 556 557
780 779 627 633
780 779 710 711
781 780 210 211
781 780 312 316
782 780 381 382
789 781 234 245
782 781 637 640
782 781 646 651
783 782 201 202
783 782 255 256
783 782 309 311
797 783 380 387
785 783 585 587
785 783 590 593
785 783 658 665
784 783 686 687
793 784 238 264
793 784 275 292
785 784 334 335
786 784 337 341
785 784 643 646
786 785 390 391
786 785 564 565
786 785 671 672
786 785 680 681
787 786 636 637
787 786 673 675
788 787 230 231
788 787 343 344
789 788 265 266
792 788 355 358
789 788 368 369
789 788 625 628
790 789 270 271
791 790 193 194
793 790 234 237
792 790 270 276
794 790 631 640
792 791 230 231
792 791 359 360
792 791 566 567
792 791 569 570
793 791 615 620
793 792 204 205
797 792 210 216
793 792 228 229
799 792 229 253
801 792 258 282
797 792 289 302
794 793 286 288
794 793 318 321
795 793 359 361
795 794 203 204
796 794 312 317
795 794 399 400
795 794 619 623
797 795 208 209
800 795 219 225
796 795 332 333
797 796 318 319
797 796 334 335
798 797 217 218
798 797 279 282
798 797 327 329
800 798 209 212
799 798 256 257
799 798 298 299
799 798 309 311
799 798 330 331
809 799 191 208
800 799 240 243
804 799 255 268
800 799 312 315
801 800 254 255
802 801 232 233
802 801 244 245
802 801 281 283
803 802 279 280
804 803 244 249
805 804 228 229
806 804 284 287
806 805 247 249
806 805 268 270
810 806 253 261
808 807 247 250
808 807 273 275
808 807 278 279
815 808 162 165
809 808 276 277
815 810 231 243
812 811 229 232
812 811 246 247
822 814 193 204
823 822 210 213
827 823 163 165
856 831 163 166
852 845 149 151
848 846 154 155
1069 846 823 872
849 848 145 146
886 852 150 158
936 857 157 165
863 862 136 137
864 863 138 141
869 865 142 144
871 870 144 146
876 872 146 149
875 874 575 578
877 876 367 368
892 879 369 376
880 879 570 572
880 879 624 625
881 880 270 271
881 880 597 600
883 880 629 632
883 882 268 269
886 882 580 589
891 883 263 289
890 883 565 568
890 884 385 386
887 886 345 348
889 887 331 342
888 887 371 372
891 888 239 253
889 888 594 599
889 888 673 676
892 889 154 155
890 889 265 266
891 889 320 330
892 889 600 618
892 890 643 651
891 890 655 664
904 891 250 268
892 891 292 296
892 891 297 311
892 891 362 363
892 891 625 629
893 891 637 641
893 892 347 349
893 892 583 584
907 893 153 157
894 893 337 340
899 893 351 355
895 893 828 829
900 894 265 272
895 894 590 591
895 894 597 599
895 894 608 612
898 895 358 361
897 896 158 159
900 898 286 287
899 898 289 290
914 898 312 317
899 898 364 365
914 899 266 280
901 900 288 289
901 900 350 351
919 903 260 271
911 903 289 295
906 905 256 257
907 905 296 297
908 906 320 321
908 906 615 616
909 907 255 258
910 907 815 816
980 909 146 155
911 910 311 312
913 911 294 296
913 911 326 328
919 916 287 290
921 916 320 324
924 920 313 317
921 920 317 318
927 922 311 314
927 926 315 316
933 932 155 156
945 937 156 158
972 945 154 157
952 949 819 821
952 951 733 734
953 952 731 732
967 965 145 146
969 968 407 408
985 982 151 152
992 989 153 154
1043 1039 364 366
1047 1045 363 364
1049 1048 362 363
1061 1057 360 361
1065 1062 359 360
1064 1063 282 283
1078 1069 401 436
1087 1070 507 530
1080 1079 401 402
1082 1080 399 400
1106 1103 532 553
1160 1159 426 427
1168 1165 411 415
1184 1183 362 363
1188 1186 364 365
1188 1187 366 367
1192 1189 366 369
1205 1203 454 456
1207 1206 454 455
1508 1213 188 287
1232 1231 426 427
1233 1232 418 421
1236 1235 420 421
1236 1235 427 431
1240 1236 389 402
1237 1236 413 418
1240 1238 452 457
1240 1239 346 348
1240 1239 380 381
1240 1239 461 471
1244 1241 390 392
1242 1241 465 466
1249 1248 450 451
1253 1251 425 426
1256 1251 427 430
1255 1253 446 447
1270 1253 465 469
1255 1254 437 439
1259 1255 447 449
1258 1256 441 442
1257 1256 444 445
1259 1258 421 422
1263 1262 430 431
1264 1262 548 551
1268 1263 416 417
1270 1263 418 419
1269 1267 434 435
1274 1272 443 444
1273 1272 445 446
1316 1311 266 271
1409 1408 322 323
1415 1413 320 321
1445 1442 356 357
1444 1443 358 359
1451 1446 343 351
1449 1446 351 356
1459 1448 355 368
1449 1448 372 373
1452 1450 369 373
1467 1461 382 386
1465 1463 366 368
1468 1463 370 380
1464 1463 564 566
1468 1467 383 384
1469 1468 385 388
1469 1468 391 394
1473 1469 382 385
1472 1469 389 397
1471 1469 398 400
1471 1470 378 379
1472 1471 403 404
1472 1471 406 408
1473 1472 398 399
1473 1472 543 544
1474 1473 400 401
1474 1473 407 413
1475 1474 543 545
1482 1475 408 426
1479 1478 408 410
1479 1478 424 425
1480 1479 428 429
1480 1479 490 493
1480 1479 533 534
1484 1481 428 432
1482 1481 496 498
1483 1482 412 415
1485 1483 409 414
1484 1483 438 441
1484 1483 508 509
1486 1484 416 426
1489 1484 478 497
1486 1485 439 450
1488 1485 506 508
1487 1486 463 465
1488 1487 451 454
1489 1487 471 475
1498 1487 479 513
1488 1487 498 499
1489 1488 430 432
1489 1488 435 437
1491 1490 431 432
1497 1490 470 475
1492 1491 480 482
1495 1494 476 478
1496 1495 467 468
1501 1498 719 720
1500 1499 481 483
1500 1499 485 486
1502 1501 480 483
1502 1501 485 487
1516 1506 279 281
1517 1514 712 714
1522 1517 280 282
1522 1519 711 712
1535 1523 705 710
1539 1537 703 704
1920 1540 456 703
1601 1600 673 674
1683 1681 276 278
1688 1687 277 278
1702 1697 281 282
1715 1713 284 285
1718 1717 285 286
1729 1727 287 288
1735 1732 288 289
1787 1786 303 304
1801 1799 306 307
