620 618 317 321
627 624 305 307
626 625 314 316
627 626 332 335
631 627 309 320
631 630 306 307
632 631 298 299
632 631 309 310
632 631 338 339
634 633 295 299
636 635 296 297
636 635 311 314
638 636 336 337
637 636 347 348
638 637 350 351
640 639 302 303
642 639 335 336
641 640 283 285
641 640 296 298
641 640 306 307
643 641 315 320
644 643 293 295
645 644 287 289
645 644 296 297
647 645 253 264
646 645 274 275
648 647 233 236
648 647 244 247
649 648 239 241
649 648 258 262
649 648 270 272
649 648 338 339
651 649 224 230
652 650 259 267
652 650 327 328
653 651 203 208
653 652 247 250
655 652 330 332
655 653 261 263
655 654 283 284
655 654 335 336
656 655 287 289
657 656 194 195
659 657 255 264
659 658 265 268
660 659 237 239
660 659 273 276
661 660 190 191
663 661 196 199
662 661 225 227
662 661 238 239
668 663 250 265
665 664 197 201
665 664 203 205
665 664 220 224
667 666 205 208
668 666 263 270
669 668 198 199
670 669 195 197
671 670 226 228
672 671 190 196
672 671 199 200
672 671 206 208
672 671 217 218
673 672 186 188
673 672 225 228
675 674 226 230
675 674 231 234
680 679 210 211
683 681 199 201
684 682 187 193
683 682 222 224
691 687 171 178
688 687 229 233
689 688 207 209
691 690 189 190
693 692 186 187
693 692 190 191
694 693 162 165
695 694 211 214
698 697 158 159
704 703 155 157
712 711 150 151
720 717 185 189
719 717 191 192
752 751 143 144
757 752 137 142
761 758 136 139
764 759 130 134
763 762 133 134
779 776 134 138
796 791 125 128
794 793 142 143
812 811 127 128
823 822 138 139
829 823 125 129
827 824 122 123
897 896 116 117
901 897 212 215
903 902 114 115
904 903 208 209
904 903 620 621
910 908 191 193
911 910 594 595
912 911 191 192
913 911 194 199
912 911 218 219
912 911 225 226
913 911 244 246
913 912 205 206
913 912 267 268
916 913 223 225
914 913 226 227
1125 913 735 777
916 914 114 115
915 914 188 189
915 914 258 259
936 914 229 265
916 915 199 200
916 915 623 624
919 915 752 753
917 916 188 190
921 916 266 277
918 917 191 192
940 917 181 206
920 918 209 211
919 918 228 230
919 918 552 556
920 919 215 216
924 919 216 221
921 919 231 235
921 919 576 581
920 919 597 598
920 919 623 624
922 920 210 214
924 920 224 230
921 920 228 230
921 920 298 300
921 920 562 563
922 921 280 287
923 922 204 206
923 922 233 234
924 923 97 98
924 923 592 593
930 924 117 119
925 924 181 182
926 924 295 301
925 924 313 316
926 924 501 505
926 925 226 227
926 925 305 310
933 926 98 101
927 926 221 222
935 926 253 264
937 926 277 291
927 926 302 303
927 926 505 506
927 926 599 601
928 926 655 656
927 926 753 754
928 927 212 213
928 927 218 220
931 927 266 278
943 927 291 321
928 927 344 345
939 928 166 174
933 928 210 217
929 928 226 228
934 928 310 319
929 928 318 319
929 928 508 509
934 930 320 330
933 931 201 204
932 931 224 227
933 931 489 492
935 932 101 102
935 932 232 238
936 933 117 118
935 933 224 228
939 934 96 98
948 934 100 104
935 934 173 174
936 934 180 182
937 934 199 201
936 934 271 276
935 934 491 492
937 935 174 178
937 935 253 256
944 935 321 332
936 935 336 337
937 935 514 515
936 935 570 578
936 935 598 599
937 936 232 233
937 936 246 248
937 936 257 260
937 936 272 274
937 936 332 333
938 936 489 490
937 936 530 531
1059 937 117 122
940 937 188 192
938 937 226 227
938 937 251 253
938 937 278 279
940 938 198 199
939 938 232 233
942 938 499 501
942 938 575 602
945 939 174 180
943 939 215 222
940 939 245 248
940 939 259 260
941 940 86 87
967 940 103 107
943 940 161 164
944 941 88 92
942 941 568 571
943 942 173 174
943 942 251 253
943 942 259 261
947 942 303 311
943 942 494 495
943 942 514 515
943 942 518 519
947 943 228 232
944 943 234 236
944 943 246 250
947 943 256 266
944 943 313 314
949 943 498 502
944 943 505 506
959 944 165 175
945 944 226 227
945 944 318 321
947 945 92 94
946 945 217 219
946 945 237 240
946 945 272 275
946 945 572 573
947 946 304 305
947 946 318 319
947 946 551 554
947 946 618 621
948 947 176 178
948 947 218 220
949 947 221 226
951 947 235 240
952 947 334 339
948 947 563 568
952 948 95 97
949 948 312 313
950 949 206 207
950 949 242 246
950 949 271 274
950 949 342 343
952 950 210 213
951 950 220 227
957 950 245 267
955 951 283 294
954 952 107 108
953 952 181 185
953 952 201 209
953 952 216 217
953 952 223 226
953 952 232 233
955 954 157 158
956 954 171 172
955 954 181 184
955 954 203 212
955 954 216 217
957 954 276 291
956 955 232 235
956 955 241 244
957 956 164 165
957 956 270 275
958 957 219 224
959 958 109 110
959 958 190 191
960 958 263 267
961 960 232 233
967 962 107 109
963 962 222 225
1068 965 96 115
977 976 116 117
983 982 118 119
1017 1016 514 515
1030 1020 505 511
1025 1022 518 531
1035 1023 320 331
1024 1023 581 582
1024 1023 603 605
1025 1024 599 602
1026 1025 594 597
1027 1026 204 207
1028 1026 583 593
1028 1027 218 221
1028 1027 533 535
1030 1027 540 551
1030 1027 573 582
1030 1028 202 208
1033 1029 226 241
1031 1029 340 341
1031 1029 557 565
1030 1029 568 572
1031 1030 301 303
1032 1031 294 298
1032 1031 316 317
1032 1031 520 522
1033 1032 221 222
1033 1032 291 292
1035 1033 242 245
1041 1033 312 316
1035 1034 525 526
1036 1034 527 528
1037 1036 226 227
1038 1036 229 230
1037 1036 260 276
1038 1036 318 319
1037 1036 524 525
1040 1037 307 310
1038 1037 526 527
1040 1038 223 225
1041 1039 227 228
1040 1039 252 254
1040 1039 270 272
1041 1040 235 236
1041 1040 311 312
1045 1043 318 319
1046 1044 214 218
1046 1044 239 240
1046 1045 231 232
1046 1045 235 236
1061 1045 274 278
1047 1046 212 213
1052 1046 222 227
1048 1047 228 230
1050 1048 100 101
1055 1048 229 243
1049 1048 253 254
1056 1055 228 229
1061 1056 281 282
1060 1058 283 284
1088 1061 117 119
1063 1062 278 279
1080 1078 656 659
1201 1200 323 324
1214 1213 465 467
1222 1215 362 386
1224 1222 438 443
1235 1231 478 498
1232 1231 499 500
1250 1242 137 140
1249 1248 711 712
1500 1251 140 252
1300 1296 375 379
1337 1336 512 516
1348 1347 327 333
1349 1348 377 378
1349 1348 382 392
1352 1351 363 365
1352 1351 446 448
1360 1359 357 358
1360 1359 359 360
1368 1364 376 377
1368 1364 383 385
1366 1364 392 393
1366 1365 415 416
1368 1366 390 391
1370 1368 413 417
1372 1371 427 428
1375 1371 429 430
1375 1374 392 393
1377 1375 384 385
1377 1376 390 391
1379 1376 438 439
1385 1382 383 385
1388 1382 385 387
1387 1386 430 431
1408 1403 239 244
1470 1469 279 280
1491 1487 290 291
1491 1488 292 293
1511 1507 625 626
1514 1512 527 529
1516 1512 623 624
1520 1519 523 524
1776 1525 485 619
1528 1527 508 509
1531 1528 314 317
1533 1532 338 339
1534 1533 329 334
1536 1535 329 331
1541 1535 497 506
1538 1537 335 336
1546 1543 491 495
1549 1544 480 485
1546 1545 352 354
1551 1550 481 482
1552 1551 473 474
1554 1553 474 475
1556 1555 468 469
1559 1556 459 462
1560 1557 432 440
1561 1560 441 443
1563 1561 424 425
1567 1561 441 457
1562 1561 460 463
1566 1564 425 428
1663 1662 231 232
1672 1667 231 232
1679 1677 234 235
1836 1778 439 483
1871 1839 412 437
1894 1871 370 411
1898 1897 362 363
1899 1898 358 360
