397 391 577 580
397 393 576 577
404 399 574 575
400 399 581 583
402 401 585 586
404 402 571 572
404 402 582 584
403 402 607 608
406 404 576 577
410 407 584 586
416 412 582 584
420 419 584 585
424 422 585 586
424 423 581 582
426 424 571 572
433 427 571 575
431 428 581 583
437 433 574 576
442 438 572 573
444 439 578 580
443 441 576 578
445 441 586 587
448 445 568 571
449 446 574 579
448 447 586 587
457 451 574 577
468 454 578 583
456 455 583 585
463 460 565 566
461 460 593 594
464 463 593 594
466 464 575 576
468 466 582 583
468 467 584 585
469 468 574 575
473 469 591 592
471 470 575 576
474 471 596 600
475 473 593 594
475 474 584 585
475 474 589 590
476 475 582 583
477 476 584 585
477 476 597 598
477 476 599 600
481 480 580 581
488 484 594 596
486 484 597 598
487 486 592 593
493 489 600 601
491 490 603 604
493 491 560 561
496 493 562 563
496 494 559 560
501 496 572 573
503 501 592 593
504 502 569 570
508 502 601 606
506 503 577 579
504 503 599 600
508 506 591 592
513 508 570 574
511 509 575 576
512 509 603 605
511 510 569 570
513 511 582 583
516 512 599 602
514 513 608 609
519 514 568 573
518 516 593 594
520 519 591 593
524 521 583 584
529 528 621 623
532 529 597 601
534 529 600 603
533 530 616 617
532 531 624 625
535 534 596 597
538 534 602 607
546 535 608 617
538 536 617 620
539 537 623 624
545 542 603 608
548 542 622 627
544 543 610 612
547 546 743 744
549 548 610 611
555 554 612 615
556 555 617 618
559 558 751 752
560 559 586 588
564 562 753 754
587 585 251 252
591 590 767 768
592 591 313 315
599 598 335 336
609 607 775 776
617 616 196 198
624 623 781 782
630 629 174 177
632 631 171 172
637 633 785 788
640 639 164 165
640 639 686 687
642 639 689 696
645 640 789 790
643 642 703 704
647 646 702 704
648 647 695 700
658 655 696 699
660 658 679 681
674 673 670 672
677 673 704 707
674 673 710 712
680 679 665 666
680 679 693 694
684 680 674 677
682 681 665 666
683 681 670 672
685 681 678 682
688 682 662 665
690 685 667 686
693 686 688 695
692 688 805 806
692 690 678 683
691 690 716 719
693 692 694 695
694 692 699 704
697 693 679 686
694 693 690 692
697 695 807 808
698 696 686 693
703 699 704 710
700 699 718 719
705 703 714 718
706 704 708 711
711 705 810 812
712 711 741 742
716 715 748 751
720 719 763 764
724 721 814 815
727 722 108 109
727 722 691 731
727 726 686 687
728 727 691 693
728 727 704 706
730 728 685 689
731 728 737 745
736 735 739 740
736 735 745 747
737 736 713 716
737 736 728 729
738 737 817 818
743 739 818 819
749 748 758 760
751 750 723 725
760 752 105 106
754 753 734 735
757 753 742 748
755 754 724 726
756 754 728 730
757 756 712 713
758 756 723 727
762 758 712 717
759 758 721 722
761 758 729 736
759 758 822 823
761 759 700 703
761 760 721 724
761 760 737 738
763 761 700 704
763 761 727 729
762 761 732 734
765 761 823 824
763 762 721 724
763 762 736 739
764 763 698 700
764 763 733 734
774 764 709 716
765 764 720 721
765 764 737 739
766 765 697 699
767 765 742 746
767 766 714 715
767 766 728 729
768 767 701 702
768 767 736 737
768 767 748 749
769 768 723 725
773 769 739 744
771 770 724 725
782 773 723 737
776 775 733 734
782 777 719 724
779 778 727 728
782 781 732 733
785 782 730 732
784 783 719 721
785 784 724 725
789 787 721 723
790 789 829 830
792 791 437 439
793 792 459 460
796 792 462 464
802 792 466 481
795 793 457 458
798 793 831 832
795 794 459 460
795 794 467 468
802 797 457 458
801 797 459 461
799 798 762 765
801 799 461 462
802 800 447 448
877 800 832 838
804 801 100 101
806 803 459 460
810 805 486 488
808 807 451 452
812 807 459 461
810 809 450 451
811 810 489 490
815 813 457 458
816 815 448 449
819 815 493 495
820 817 449 450
820 818 451 452
822 820 495 496
831 829 453 454
846 838 96 98
843 842 483 485
846 845 481 482
915 845 513 554
848 847 477 480
850 849 496 498
855 853 504 505
865 864 520 521
869 866 526 527
894 882 836 837
894 892 492 499
894 893 476 478
897 895 396 408
896 895 501 504
905 897 409 418
898 897 504 506
915 897 833 836
905 904 97 98
923 908 96 98
910 908 383 384
937 926 98 100
1010 931 827 832
938 936 739 740
944 940 100 101
942 941 565 567
947 943 539 544
944 943 551 553
947 943 558 560
944 943 561 562
944 943 570 571
944 943 573 574
947 945 574 575
950 947 101 102
949 947 582 585
957 948 530 539
949 948 575 576
950 949 582 583
952 950 573 574
952 951 571 572
953 952 589 591
960 953 102 104
956 953 536 540
957 953 565 569
957 954 526 529
957 956 532 533
967 956 522 538
958 956 548 549
957 956 550 551
961 957 546 547
958 957 589 590
960 957 601 604
961 958 544 545
960 958 561 564
961 958 582 584
963 959 539 542
960 959 605 606
966 962 105 106
972 962 512 522
967 963 599 601
965 964 552 554
965 964 558 559
966 964 560 561
965 964 617 619
967 965 536 537
968 966 544 545
968 966 546 547
968 966 552 554
967 966 620 621
968 967 522 523
969 967 533 535
968 967 605 606
972 968 537 540
969 968 569 570
970 968 590 591
971 968 609 611
970 969 543 544
977 970 509 517
974 970 525 529
973 970 549 552
977 972 532 535
976 973 562 565
976 974 540 541
976 974 542 543
976 974 546 547
975 974 548 549
977 974 556 559
977 975 495 500
980 975 535 539
976 975 550 551
978 976 521 522
977 976 528 530
981 976 528 533
977 976 591 592
978 977 561 563
979 977 582 584
981 979 491 493
980 979 520 521
981 979 560 563
981 979 596 600
983 980 497 501
990 980 503 509
983 981 510 511
982 981 519 520
984 981 612 616
984 982 494 495
983 982 556 557
986 983 492 493
989 983 498 503
985 983 527 528
985 983 531 535
984 983 554 555
984 983 572 574
986 983 599 603
985 984 538 539
988 985 495 498
995 985 510 518
988 986 510 511
989 986 520 523
987 986 624 626
988 987 557 558
988 987 572 574
988 987 577 578
992 990 498 501
991 990 552 553
991 990 555 556
992 991 493 495
998 991 517 525
992 991 532 533
992 991 549 550
992 991 588 589
993 991 629 631
993 992 530 531
994 993 509 510
1000 993 512 516
995 994 628 631
997 995 113 114
997 996 535 536
998 996 591 592
999 998 507 508
1004 998 526 531
1000 999 516 517
1000 999 524 525
1006 999 531 538
1000 999 573 574
1000 999 597 598
1001 1000 583 584
1006 1002 520 527
1003 1002 524 525
1004 1003 600 601
1008 1007 541 542
1008 1007 554 556
1009 1008 548 550
1012 1011 548 550
1013 1012 826 827
1016 1015 546 547
1016 1015 556 558
1018 1017 825 826
1048 1033 821 824
1054 1051 820 821
1058 1056 819 820
1063 1062 818 819
1071 1069 816 817
1081 1073 813 816
1094 1093 809 810
1098 1097 807 808
1125 1124 537 538
1128 1126 536 540
1200 1199 740 741
1447 1446 719 720
1535 1534 879 880
1553 1552 885 886
1556 1554 315 316
1563 1560 317 318
1574 1565 319 322
1586 1578 324 327
1593 1587 327 328
1594 1592 900 901
1597 1596 689 690
1599 1597 901 902
1599 1598 331 332
1601 1600 332 333
1616 1613 423 424
1618 1617 907 908
1622 1620 341 342
1651 1650 679 680
1655 1654 442 443
1661 1658 919 920
1664 1663 920 921
1667 1665 921 922
1671 1670 675 676
1675 1673 751 752
1679 1678 925 926
1702 1701 673 674
1715 1714 670 671
1716 1714 935 936
1819 1818 961 962
1841 1834 965 967
1847 1844 965 966
1850 1847 960 961
1852 1849 961 965
1861 1860 965 966
1917 1916 976 977
