15 14 295 296
16 15 80 81
16 15 1800 1801
20 19 1055 1056
25 24 1087 1088
26 25 1080 1081
31 29 1085 1089
33 30 1075 1080
32 31 1081 1085
36 34 1071 1072
36 35 1079 1080
47 46 991 992
79 78 207 208
79 78 951 952
96 95 886 887
101 99 887 888
102 100 870 874
104 103 822 824
104 103 869 871
104 103 892 895
104 103 2155 2163
106 104 863 866
107 105 870 872
107 105 887 888
109 108 103 104
112 108 823 824
109 108 864 865
111 110 887 888
117 114 2135 2136
119 118 2127 2128
122 121 811 812
134 131 2163 2166
136 135 798 799
137 135 2143 2145
136 135 2153 2155
137 135 2159 2162
137 136 111 112
140 139 795 796
146 142 775 776
144 143 778 783
144 143 785 790
144 143 791 792
145 144 119 120
152 150 783 784
152 151 778 782
160 156 764 770
168 167 740 746
168 167 758 759
168 167 765 767
170 169 740 743
172 170 735 736
175 170 751 763
175 174 111 112
176 175 730 732
176 175 741 751
184 183 708 712
184 183 713 715
190 185 698 707
187 185 711 712
191 189 695 696
192 191 119 121
198 197 669 671
203 199 658 669
207 206 668 670
208 207 631 632
208 207 651 653
216 215 645 654
223 216 623 624
232 230 634 639
236 235 623 624
237 236 630 631
243 238 623 629
240 239 638 639
242 240 55 56
244 241 625 628
260 255 607 608
256 255 610 612
258 256 615 616
271 269 631 632
271 269 633 635
273 271 199 200
278 277 593 599
280 279 587 592
280 279 599 600
280 279 602 607
286 285 600 605
288 287 591 594
288 287 596 603
296 295 528 529
296 295 547 549
298 295 559 570
297 295 574 579
296 295 582 583
296 295 586 589
296 295 598 601
300 298 543 544
303 301 601 603
304 303 536 537
304 303 546 548
304 303 579 580
308 303 583 584
312 311 519 520
313 311 527 528
312 311 578 581
320 316 568 576
318 317 552 559
321 319 511 513
320 319 557 563
322 320 536 538
324 322 524 527
326 324 505 507
325 324 567 568
328 326 499 504
328 327 487 490
329 327 549 552
328 327 561 564
330 328 555 559
336 335 484 494
345 344 471 472
360 359 478 479
383 373 471 486
384 383 447 450
387 385 447 448
397 394 439 440
425 423 430 432
424 423 438 442
431 430 423 424
443 440 426 435
448 446 422 424
448 446 430 432
453 449 7 8
456 454 415 416
456 455 11 12
456 455 411 413
456 455 439 441
456 455 445 447
463 457 436 447
464 463 400 404
464 463 407 412
480 479 408 409
493 490 391 392
493 491 399 400
495 494 420 421
520 519 365 367
528 527 350 352
536 535 353 356
543 542 311 312
543 542 335 336
568 567 301 303
574 572 302 303
580 578 295 296
583 582 295 296
584 583 231 234
584 583 302 303
591 584 87 88
592 591 184 185
607 604 103 104
609 608 87 88
630 628 327 328
649 645 7 8
709 707 215 216
720 719 206 207
744 742 236 240
744 743 255 257
747 745 253 255
752 749 246 248
757 754 239 240
765 762 231 232
768 767 208 209
776 775 215 217
847 846 95 96
1080 1079 96 97
1080 1079 102 103
1119 1118 103 104
1224 1223 954 957
1241 1239 967 968
1240 1239 1222 1223
1244 1241 959 960
1248 1247 1800 1802
1256 1255 1787 1790
1261 1258 1335 1336
1260 1259 1855 1856
1264 1263 32 34
1264 1263 1893 1895
1272 1271 1343 1345
1272 1271 1904 1906
1273 1272 1023 1024
1281 1279 1543 1544
1280 1279 1912 1913
1299 1296 1727 1728
1304 1303 61 63
1309 1307 1911 1912
1311 1309 1919 1920
1312 1311 1849 1853
1312 1311 1928 1929
1313 1312 983 984
1317 1314 1311 1312
1316 1314 1919 1920
1321 1320 815 816
1321 1320 1103 1104
1321 1320 1327 1328
1325 1324 1151 1152
1328 1327 96 97
1328 1327 1330 1331
1328 1327 2295 2297
1329 1328 1671 1672
1335 1332 2301 2304
1336 1335 1888 1891
1336 1335 2278 2279
1336 1335 2318 2319
1340 1339 1895 1896
1343 1339 2279 2280
1344 1340 2255 2256
1345 1341 2263 2264
1344 1343 2298 2299
1345 1343 2301 2302
1347 1344 1351 1352
1349 1345 1358 1360
1347 1345 2335 2336
1350 1346 2303 2304
1349 1347 2299 2300
1351 1350 1263 1264
1352 1351 1374 1375
1352 1351 1917 1922
1356 1353 2343 2344
1356 1354 1375 1377
1358 1354 1382 1384
1355 1354 2247 2248
1357 1355 1175 1176
1360 1358 1399 1400
1360 1359 999 1000
1360 1359 1403 1405
1361 1360 2271 2272
1365 1362 1175 1176
1364 1363 1391 1392
1365 1363 2273 2274
1364 1363 2279 2280
1366 1364 1949 1954
1368 1365 1967 1970
1367 1365 2311 2312
1373 1367 1063 1064
1368 1367 1178 1180
1368 1367 1183 1184
1369 1367 1399 1400
1368 1367 1960 1961
1368 1367 2307 2308
1372 1370 1351 1352
1374 1372 1407 1408
1375 1374 1183 1184
1379 1374 2263 2264
1376 1375 1407 1410
1376 1375 2274 2275
1376 1375 2350 2351
1378 1376 2271 2272
1380 1379 1423 1424
1384 1379 2015 2017
1383 1382 2359 2360
1384 1383 80 81
1384 1383 1448 1450
1384 1383 2003 2006
1385 1383 2287 2292
1390 1386 1415 1416
1388 1386 2271 2272
1395 1386 2303 2306
1394 1389 2284 2286
1392 1390 2023 2024
1392 1391 1011 1012
1392 1391 1320 1321
1392 1391 2028 2031
1396 1393 2287 2288
1401 1397 2307 2309
1400 1397 2335 2336
1400 1398 1423 1425
1401 1398 2303 2304
1399 1398 2331 2332
1400 1399 1384 1385
1400 1399 1451 1453
1400 1399 2061 2071
1400 1399 2088 2091
1404 1403 1431 1432
1410 1405 2306 2308
1411 1405 2309 2312
1407 1405 2335 2336
1408 1407 1390 1392
1408 1407 2115 2117
1408 1407 2303 2304
1408 1407 2319 2320
1410 1408 2111 2112
1412 1409 1431 1432
1412 1409 1471 1473
1412 1409 1599 1600
1412 1411 2119 2120
1412 1411 2303 2304
1420 1413 2295 2296
1416 1414 2291 2293
1415 1414 2310 2311
1416 1415 1475 1476
1417 1415 2195 2200
1424 1421 2312 2314
1424 1421 2319 2321
1424 1422 1495 1496
1425 1423 1437 1440
1424 1423 1459 1461
1424 1423 1463 1466
1424 1423 1792 1795
1424 1423 2219 2221
1424 1423 2315 2316
1425 1424 2223 2224
1425 1424 2375 2376
1431 1428 1447 1448
1432 1431 1443 1445
1432 1431 1500 1501
1432 1431 2304 2305
1433 1432 2407 2408
1435 1434 2319 2320
1440 1439 1416 1418
1440 1439 1448 1449
1440 1439 1517 1519
1442 1439 2306 2309
1441 1440 2311 2312
1448 1444 1055 1057
1450 1446 2310 2312
1448 1447 1436 1439
1448 1447 1459 1461
1448 1447 1647 1650
1454 1450 1463 1464
1453 1451 1503 1504
1456 1455 1054 1055
1456 1455 1222 1223
1457 1456 1495 1496
1457 1456 2335 2336
1468 1458 2471 2472
1460 1459 1463 1464
1465 1463 1047 1048
1464 1463 1460 1465
1464 1463 1470 1471
1465 1463 1671 1672
1464 1463 2339 2340
1469 1466 967 968
1472 1470 1046 1048
1473 1470 1471 1472
1472 1471 1486 1487
1476 1474 1367 1368
1479 1477 2111 2112
1481 1480 1567 1568
1487 1486 1407 1408
1487 1486 2287 2288
1488 1487 1482 1484
1489 1488 1327 1328
1495 1493 2167 2168
1495 1493 2343 2344
1496 1494 1487 1488
1500 1498 1495 1496
1501 1498 2103 2104
1504 1503 1494 1495
1504 1503 1497 1501
1504 1503 2349 2351
1512 1511 2165 2167
1512 1511 2230 2232
1516 1511 2351 2352
1520 1519 1751 1754
1521 1520 2279 2280
1528 1527 2268 2271
1529 1527 2279 2282
1537 1535 1518 1520
1536 1535 1975 1977
1536 1535 2000 2003
1536 1535 2058 2061
1536 1535 2109 2111
1536 1535 2200 2203
1540 1538 1977 1983
1544 1543 1934 1935
1544 1543 1944 1947
1544 1543 1984 1986
1544 1543 2035 2040
1544 1543 2200 2201
1546 1544 1976 1983
1552 1551 1891 1894
1552 1551 1989 1991
1552 1551 1994 1997
1552 1551 2165 2167
1552 1551 2186 2189
1552 1551 2198 2199
1553 1552 2127 2128
1560 1559 1120 1121
1560 1559 1536 1539
1560 1559 1973 1976
1560 1559 2058 2062
1569 1568 2375 2376
1576 1575 2345 2348
1584 1583 1782 1783
1584 1583 2338 2340
1585 1584 1767 1768
1592 1591 2370 2371
1593 1592 1151 1152
1600 1599 1366 1367
1600 1599 2400 2401
1611 1607 1351 1354
1608 1607 2406 2408
1611 1607 2511 2512
1632 1631 1784 1785
1632 1631 2405 2408
1635 1632 2511 2512
1640 1637 2431 2433
1646 1642 2519 2520
1656 1655 2435 2436
1656 1655 2442 2444
1666 1659 2446 2449
1672 1669 2447 2449
1671 1669 2519 2520
1677 1674 2511 2512
1680 1679 2458 2459
1680 1679 2463 2465
1684 1682 2519 2520
1684 1683 2463 2464
1705 1700 2471 2472
1704 1703 2478 2479
1712 1711 2467 2469
1713 1712 2471 2472
1719 1718 1543 1544
1731 1726 2487 2488
1729 1728 1543 1544
1737 1735 2438 2440
1736 1735 2462 2463
1744 1743 2462 2465
1752 1751 2416 2417
1760 1758 2439 2440
1768 1767 2184 2186
1768 1767 2344 2346
1768 1767 2430 2431
1768 1767 2446 2450
1777 1776 2327 2328
1784 1783 2058 2060
1784 1783 2270 2271
1784 1783 2312 2313
1785 1784 1583 1584
1792 1789 1636 1640
1800 1799 2232 2235
1800 1799 2365 2367
1804 1803 1615 1616
1807 1806 1455 1456
1817 1816 2535 2536
1823 1822 1567 1568
1824 1823 1416 1417
1832 1829 2535 2536
1832 1831 2537 2538
1843 1840 2535 2536
1856 1854 2535 2536
1872 1871 952 953
1872 1871 1512 1513
1872 1871 2142 2143
1880 1879 2037 2039
1888 1887 1542 1543
1917 1914 1095 1096
1921 1919 878 883
1952 1951 2478 2479
1956 1952 215 216
1976 1971 199 200
1975 1971 2549 2550
1976 1975 1576 1577
1984 1983 208 209
1987 1984 2549 2550
1994 1988 2551 2552
2002 2000 2551 2552
2013 2011 1815 1816
2017 2015 214 216
2016 2015 1074 1078
2032 2031 2263 2267
2033 2032 1591 1592
2038 2035 1823 1824
2050 2047 2287 2288
2057 2055 2559 2560
2061 2059 1847 1848
2064 2062 1855 1858
2071 2070 1879 1880
2073 2072 1887 1888
2079 2077 2247 2248
2087 2086 2559 2560
2088 2087 1582 1583
2088 2087 2238 2239
2096 2095 2239 2241
2102 2096 1919 1920
2104 2101 1935 1936
2103 2101 2559 2560
2104 2103 1583 1587
2104 2103 1920 1921
2106 2103 2207 2212
2106 2105 1935 1936
2112 2108 1175 1176
2111 2110 1167 1168
2112 2111 1903 1904
2121 2120 1159 1160
2121 2120 2015 2016
2128 2126 2111 2112
2128 2127 1250 1254
2128 2127 2567 2568
2130 2128 735 736
2133 2130 2159 2160
2132 2131 1596 1599
2136 2135 1596 1603
2136 2135 2101 2105
2143 2142 2167 2168
2144 2143 1075 1076
2144 2143 1123 1124
2144 2143 1607 1609
2151 2147 1055 1056
2152 2151 1882 1883
2152 2151 2152 2153
2157 2154 927 928
2160 2159 1028 1029
2160 2159 1874 1876
2160 2159 2151 2153
2161 2160 975 976
2168 2165 319 320
2168 2165 863 864
2168 2166 2567 2568
2168 2167 974 978
2168 2167 1895 1898
2176 2174 967 968
2175 2174 1615 1616
2176 2175 896 897
2178 2175 2567 2568
2177 2176 959 960
2180 2178 1607 1608
2183 2182 1903 1904
2183 2182 1911 1912
2184 2183 1622 1623
2185 2184 1919 1920
2191 2190 1055 1056
2192 2191 960 961
2192 2191 1910 1911
2208 2207 1061 1063
2218 2213 324 326
2215 2214 2231 2232
2220 2218 1951 1952
2223 2220 1615 1616
2224 2221 325 326
2224 2223 1934 1935
2239 2232 321 322
2240 2239 1611 1612
2242 2240 1631 1632
2253 2251 1607 1608
2256 2255 1616 1618
2257 2256 319 320
2264 2263 998 999
2271 2270 2111 2112
2272 2271 1594 1597
2273 2272 1615 1616
2277 2273 1591 1592
2280 2279 1016 1017
2280 2279 1064 1065
2288 2287 1629 1631
2296 2295 1214 1215
2304 2303 1072 1073
2305 2304 1447 1448
2308 2307 1415 1416
2320 2319 1603 1604
2335 2334 1007 1008
2337 2336 1655 1656
2343 2342 1583 1584
2351 2348 327 328
2353 2352 1727 1728
2368 2367 502 503
2370 2367 1615 1616
2368 2367 1622 1624
2368 2367 2446 2447
2372 2370 1583 1584
2377 2375 1582 1584
2376 2375 1591 1593
2384 2383 325 327
2384 2383 1294 1295
2386 2383 1599 1600
2386 2384 1615 1616
2392 2391 1286 1287
2392 2391 1962 1965
2400 2399 2110 2111
2416 2415 1135 1137
2416 2415 1302 1303
2423 2422 1351 1352
2424 2423 1599 1601
2428 2427 2255 2256
2432 2431 1288 1289
2432 2431 1519 1520
2440 2438 1631 1633
2440 2439 2235 2236
2448 2447 1635 1636
2453 2451 367 368
2471 2468 383 384
2471 2468 1599 1600
2472 2471 1083 1086
2472 2471 1611 1612
2478 2474 1079 1080
2480 2477 1631 1635
2480 2478 1359 1362
2480 2479 1640 1641
2488 2487 1301 1304
2491 2487 1607 1608
2488 2487 1632 1636
2488 2487 1638 1642
2494 2492 367 368
2496 2495 1281 1285
2496 2495 1618 1620
2496 2495 2049 2055
2503 2500 2567 2568
2504 2501 1615 1616
2504 2503 961 965
2504 2503 1632 1633
2505 2504 583 584
2510 2505 1615 1616
2512 2510 375 376
2512 2511 1475 1476
2517 2514 1655 1656
2532 2530 1599 1600
2546 2543 1407 1408
2544 2543 2563 2568
2548 2547 1015 1016
2551 2550 2559 2560
2552 2551 647 648
2557 2555 1903 1904
2559 2555 2559 2560
2574 2571 2556 2557
2576 2575 1912 1913
2591 2589 1231 1232
2591 2589 1247 1248
2632 2627 2547 2550
2632 2631 1072 1073
2632 2631 1951 1954
2633 2632 2503 2504
2640 2637 2546 2549
2640 2638 2543 2544
2647 2646 727 728
2686 2648 2543 2546
2656 2655 1398 1402
2683 2671 2543 2544
2680 2678 639 640
2687 2683 2541 2542
2688 2687 638 639
2688 2687 1325 1328
2697 2696 1047 1048
2703 2702 855 856
2712 2709 2535 2536
2712 2711 672 673
2720 2719 694 695
2721 2720 687 688
2728 2727 1821 1824
2732 2730 2535 2536
2740 2738 1199 1200
2745 2743 1791 1792
2747 2743 1935 1936
2749 2744 2535 2536
2752 2748 1239 1240
2752 2750 1783 1784
2752 2751 1118 1119
2756 2755 1167 1168
2759 2758 1919 1920
2759 2758 2103 2104
2760 2759 1159 1171
2761 2759 1927 1928
2763 2761 1455 1456
2767 2766 1167 1168
2788 2787 1919 1920
2824 2823 1365 1367
2845 2837 2519 2520
2840 2839 2110 2111
2842 2840 1903 1904
2842 2840 1919 1920
2855 2847 2517 2519
2856 2855 1802 1805
2879 2860 2514 2518
2868 2867 1743 1744
2872 2871 1724 1728
2880 2879 1318 1319
2880 2879 2512 2513
2884 2883 1687 1688
2887 2886 1887 1888
2888 2887 1707 1708
2888 2887 1719 1721
2888 2887 1758 1759
2897 2895 2511 2512
2904 2902 1263 1268
2905 2903 1759 1761
2908 2907 1799 1800
2912 2911 888 890
2912 2911 1717 1721
2912 2911 1878 1879
2920 2919 1296 1297
2929 2928 1535 1536
2929 2928 1623 1624
2935 2934 1647 1648
2936 2935 1705 1709
2937 2936 1703 1704
2942 2939 2503 2504
2944 2943 1736 1737
2944 2943 2503 2504
2945 2944 1911 1912
2951 2950 1631 1632
2952 2951 1546 1549
2952 2951 1735 1738
2952 2951 1816 1818
2968 2965 1399 1400
2968 2967 1991 1993
2969 2968 1903 1904
2975 2972 1895 1896
2976 2975 1635 1637
2977 2975 2495 2497
2977 2976 1655 1656
2981 2980 1727 1728
2984 2983 1664 1666
2984 2983 1687 1689
2988 2984 1791 1792
2991 2990 1631 1632
2992 2991 1663 1666
2994 2992 1719 1720
3007 2998 2487 2488
3000 2999 1352 1354
3000 2999 1640 1641
3000 2999 1666 1667
3000 2999 1724 1728
3000 2999 1754 1756
3001 3000 1487 1488
3005 3002 1623 1624
3003 3002 1727 1728
3007 3002 1807 1808
3008 3006 1751 1752
3008 3007 1584 1586
3017 3016 1055 1056
3024 3020 2479 2480
3023 3021 1831 1832
3026 3023 1719 1720
3024 3023 1743 1745
3025 3024 1663 1664
3029 3028 2482 2483
3033 3032 1567 1568
3039 3038 1567 1568
3041 3038 1655 1656
3040 3039 1222 1223
3040 3039 1696 1697
3055 3054 1359 1360
3056 3055 1663 1665
3056 3055 1742 1743
3058 3056 1551 1552
3068 3064 1687 1688
3071 3070 1735 1736
3072 3071 1238 1239
3072 3071 1520 1522
3072 3071 1648 1649
3072 3071 1701 1704
3072 3071 1750 1751
3079 3078 1727 1728
3080 3079 1602 1605
3080 3079 1635 1636
3087 3086 1639 1640
3088 3087 1088 1089
3097 3096 1343 1344
3103 3102 1559 1560
3104 3103 1701 1703
3105 3104 2447 2448
3112 3111 1598 1599
3112 3111 1702 1703
3112 3111 1925 1927
3144 3143 1352 1354
3145 3144 2039 2040
3176 3175 1304 1305
3224 3223 1992 1993
3230 3228 2383 2384
3232 3231 2382 2383
3248 3247 1870 1871
3264 3263 1840 1843
3272 3271 1830 1831
3276 3275 1799 1800
3287 3286 1807 1808
3288 3287 1774 1775
3296 3295 1771 1773
3299 3297 1775 1776
3303 3302 1743 1744
3304 3303 1687 1691
3304 3303 1699 1702
3308 3307 1679 1680
3310 3308 1703 1706
3310 3309 1709 1711
3312 3310 1687 1688
3313 3310 1719 1720
3312 3311 1646 1647
3312 3311 1702 1703
3312 3311 1707 1713
3319 3318 1551 1552
3320 3318 1719 1720
3324 3319 1439 1440
3320 3319 1572 1581
3321 3319 1639 1640
3324 3320 1791 1792
3322 3321 1597 1599
3323 3321 1608 1612
3325 3324 1643 1644
3328 3327 1429 1431
3328 3327 1609 1613
3328 3327 1644 1645
3328 3327 1663 1665
3328 3327 1683 1684
3329 3328 1647 1648
3336 3335 1683 1689
3340 3337 1655 1656
3342 3339 1682 1688
3344 3343 1558 1559
3352 3349 1647 1648
3352 3351 1673 1676
3360 3358 1759 1762
3360 3359 1310 1311
3360 3359 1552 1554
3360 3359 1667 1669
3360 3359 1672 1673
3360 3359 1677 1684
3360 3359 1974 1975
3370 3368 1975 1976
3373 3371 1631 1632
3376 3375 1565 1568
3383 3381 1551 1552
3383 3382 2055 2056
3456 3455 2155 2156
3608 3607 1461 1462
3609 3607 2143 2144
3631 3630 1439 1440
3631 3630 2135 2136
3655 3654 2135 2136
3661 3658 2135 2136
3664 3663 2139 2141
3688 3687 2206 2207
3695 3694 1943 1944
3696 3695 2267 2269
3744 3743 2174 2176
3745 3744 2287 2288
3776 3774 2142 2144
3777 3776 2239 2240
3783 3781 2239 2240
3789 3787 2239 2240
3792 3791 2187 2188
3803 3796 2303 2304
3799 3797 2239 2240
3807 3806 2207 2208
3813 3810 2247 2248
3812 3811 2207 2208
3816 3815 2246 2247
3824 3822 2255 2256
3829 3825 2263 2264
3850 3848 2271 2272
3851 3850 2311 2312
3858 3855 2207 2208
3861 3857 2303 2304
3864 3863 2267 2269
3869 3866 2263 2264
3880 3877 2263 2264
3880 3879 840 841
3888 3885 2263 2264
3906 3899 2265 2268
3904 3903 826 829
3912 3908 2269 2274
3912 3911 877 880
3913 3911 2302 2304
3920 3918 2279 2282
3936 3935 857 860
3944 3940 861 869
3949 3944 871 872
3968 3959 2228 2234
3960 3959 2273 2274
3965 3961 887 888
3968 3967 890 895
3968 3967 976 977
3969 3968 1791 1792
3971 3969 2247 2248
3982 3976 983 984
3982 3978 903 904
3980 3979 2276 2277
3984 3982 911 912
3986 3985 913 914
3990 3987 914 917
3991 3988 986 987
3992 3988 2277 2280
3992 3989 919 920
3992 3989 943 944
4000 3993 921 930
3999 3997 951 952
4000 3999 1010 1013
4002 3999 2246 2248
4006 4004 932 936
4008 4007 931 941
4008 4007 1018 1023
4016 4015 946 949
4032 4028 2239 2240
4031 4030 1143 1144
4052 4049 2239 2240
4054 4050 1026 1029
4060 4057 1030 1032
4064 4061 1033 1036
4067 4066 1039 1040
4081 4071 1040 1043
4086 4081 1045 1050
4088 4087 1050 1054
4091 4088 1053 1065
4095 4091 2239 2240
4097 4094 1063 1068
4101 4094 1071 1078
4097 4096 2231 2232
4110 4101 1078 1087
4104 4101 2230 2232
4113 4111 1087 1091
4125 4111 1093 1115
4120 4119 2228 2230
4171 4126 1119 1204
4128 4127 1232 1234
4129 4127 2221 2225
4134 4132 2213 2216
4144 4133 2195 2213
4146 4145 2197 2199
4156 4146 2180 2196
4152 4151 2176 2177
4158 4157 2177 2178
4160 4158 2174 2176
4162 4161 2171 2172
4166 4162 2167 2170
4167 4166 2159 2160
4168 4167 2165 2166
4170 4169 2161 2163
4184 4170 2143 2161
4173 4172 1202 1210
4189 4180 1224 1244
4183 4180 2135 2136
4184 4183 2139 2142
4201 4187 2114 2136
4196 4189 1246 1265
4192 4191 1255 1257
4200 4198 1271 1275
4200 4199 2106 2108
4216 4201 1273 1317
4205 4201 2109 2115
4217 4207 2080 2104
4216 4215 2064 2065
4232 4217 1313 1356
4222 4217 2077 2082
4224 4223 2070 2080
4231 4225 2063 2070
4232 4231 1362 1363
4244 4231 2039 2062
4241 4232 1358 1381
4295 4242 1383 1598
4250 4246 2023 2032
4257 4253 2008 2016
4257 4256 1455 1456
4289 4260 1932 2000
4264 4263 1470 1471
4272 4271 1956 1957
4277 4276 1951 1952
4289 4287 1910 1912
4288 4287 1924 1930
4292 4289 1921 1929
4292 4291 1917 1919
4296 4292 1888 1916
4296 4293 1593 1608
4297 4295 1614 1616
4296 4295 1617 1624
4308 4297 1620 1711
4310 4297 1805 1891
4298 4297 1896 1897
4304 4303 1816 1817
4305 4304 1791 1792
4306 4305 1861 1868
4310 4307 1726 1793
