99 0 229 308
2 0 244 245
1 0 246 247
11 0 358 364
2 1 356 357
24 2 182 200
6 4 364 365
14 12 365 366
14 13 254 255
16 15 364 365
16 15 366 367
19 17 256 258
22 18 365 367
21 18 368 369
23 22 242 243
26 25 262 263
47 27 373 384
30 29 265 266
33 31 207 210
38 34 210 213
39 38 271 272
39 38 273 274
44 42 274 275
47 46 263 264
47 46 280 281
52 48 280 282
50 49 266 267
64 50 385 394
54 53 284 285
61 59 394 395
72 64 394 399
68 67 294 295
70 69 295 296
73 72 297 298
78 77 405 406
80 79 302 303
80 79 404 405
81 79 407 408
83 81 304 305
83 82 406 407
86 85 305 306
95 94 414 415
122 95 263 286
139 101 311 340
103 102 319 320
106 105 322 323
115 114 329 330
117 116 329 330
133 132 341 343
144 140 341 345
148 146 346 347
149 148 352 353
160 157 284 297
165 160 252 278
161 160 280 281
165 160 305 320
165 164 312 313
167 166 320 321
173 166 327 342
253 251 420 422
256 255 338 340
265 261 332 336
264 263 352 353
268 266 342 346
268 266 428 429
270 269 342 344
289 269 429 433
280 279 365 368
283 282 215 217
285 283 200 210
284 283 428 429
305 298 433 435
486 304 425 442
313 311 370 375
329 322 376 393
330 324 373 387
325 324 416 417
327 325 410 415
331 326 293 295
330 329 415 420
332 330 296 297
331 330 375 376
331 330 388 389
345 330 357 402
339 332 336 395
335 332 403 420
339 333 181 222
335 333 224 229
334 333 295 296
336 334 175 178
339 334 297 299
336 335 414 417
338 337 239 243
340 338 324 327
344 339 198 203
346 339 204 207
341 339 349 353
343 340 180 192
341 340 340 341
342 341 392 393
342 341 395 396
343 341 410 414
343 342 208 209
343 342 335 338
343 342 390 391
345 343 195 196
344 343 388 389
344 343 415 417
348 345 410 417
347 346 203 204
355 351 440 441
362 351 442 444
354 352 379 385
362 357 439 440
362 361 394 397
365 363 385 388
539 365 440 464
377 370 445 446
384 379 446 447
386 385 448 449
393 388 439 440
392 388 447 448
397 393 321 324
398 394 448 449
399 397 325 327
401 399 448 449
402 400 327 328
404 402 329 330
406 404 438 439
410 405 330 332
407 405 443 444
411 406 449 450
428 412 292 320
430 415 248 273
418 416 450 451
419 418 311 314
427 419 137 138
423 422 450 451
425 424 312 313
427 424 437 438
431 430 437 438
433 432 323 324
443 433 314 329
444 433 452 453
445 443 311 312
448 447 311 312
460 456 139 140
466 464 427 428
471 466 433 434
475 471 140 141
475 473 279 282
474 473 290 291
475 474 311 313
477 475 283 285
486 480 140 142
488 487 142 143
492 488 329 341
491 489 143 144
494 490 291 304
492 490 315 325
493 491 252 268
493 491 270 275
494 492 237 241
493 492 306 309
494 493 347 348
495 494 144 145
496 495 233 234
501 495 300 318
498 496 251 255
498 497 297 298
499 498 234 238
502 501 147 148
503 501 320 331
506 505 276 278
519 507 150 156
539 524 399 408
527 525 285 291
527 526 297 300
530 529 442 443
531 530 299 300
531 530 444 446
534 532 463 464
535 533 452 456
538 537 458 459
558 541 392 399
556 555 552 553
558 556 391 392
558 556 554 558
596 558 537 568
571 559 394 398
561 560 407 408
562 560 427 428
594 561 180 185
563 562 16 20
563 562 562 563
569 563 427 429
565 564 10 13
565 564 19 24
568 564 26 39
565 564 40 50
565 564 62 63
565 564 68 72
567 564 419 420
567 565 14 17
569 565 43 60
568 565 77 78
567 566 0 1
567 566 532 533
568 567 26 28
568 567 430 431
570 568 401 402
570 569 27 29
573 570 75 77
572 571 416 417
576 574 531 532
575 574 545 546
577 576 523 524
580 578 386 387
583 581 419 420
648 582 392 417
589 582 394 396
583 582 414 415
586 582 527 529
589 583 132 139
588 584 382 384
587 585 563 564
589 588 531 533
590 589 295 296
591 589 535 537
606 590 369 381
591 590 532 533
593 591 258 262
592 591 306 308
592 591 534 535
596 592 15 31
596 592 143 148
594 592 301 303
593 592 536 538
594 592 539 541
595 593 266 270
596 594 274 282
595 594 295 298
595 594 567 568
597 596 130 131
602 598 17 25
606 599 31 44
600 599 222 224
604 602 0 3
604 603 22 23
605 604 6 7
605 604 10 16
605 604 403 404
607 606 17 19
608 606 31 32
615 607 152 154
612 608 23 30
611 609 436 437
611 610 19 20
611 610 361 362
619 612 10 21
613 612 280 281
613 612 358 359
614 613 278 279
615 614 280 281
633 614 336 363
619 618 348 349
756 620 152 222
621 620 345 346
729 621 407 432
624 623 339 340
630 624 161 162
628 625 0 3
628 627 7 9
631 629 15 16
633 630 17 19
635 632 151 155
637 634 330 335
635 634 419 420
638 635 19 23
636 635 259 261
637 636 262 265
637 636 420 421
639 638 327 328
641 639 23 24
640 639 244 245
640 639 282 285
640 639 317 319
641 639 322 326
640 639 422 423
646 644 285 296
650 646 67 68
647 646 258 260
649 647 149 153
648 647 261 263
648 647 294 295
648 647 297 302
650 648 289 293
650 649 267 271
651 650 155 157
654 650 408 410
654 653 159 160
658 655 170 171
658 657 56 58
661 657 59 69
660 658 356 361
662 661 427 428
663 662 347 348
670 663 175 177
666 663 332 346
665 664 312 317
666 665 306 308
670 665 301 326
670 666 426 427
669 668 292 296
672 670 292 297
674 671 425 426
673 672 432 433
677 674 178 180
685 678 180 183
691 690 53 54
695 692 189 191
698 696 416 417
700 699 415 416
703 701 416 417
717 714 412 413
726 718 405 410
741 735 214 217
739 737 399 400
753 749 222 223
761 757 222 224
766 763 225 226
800 793 373 377
800 795 369 373
